#P42684
A	1.076862	1.026671	1.189535	1.566274	1.285267	1.576481	0.945577	0.646338	1.100923	0.239162	0.155847	0.875135	0.865372	1.225192	
C	0.821847	0.705036	0.223207	0.052237	0.016586	0.002813	0.000853	0.000457	0.000610	0.003354	0.011377	0.077934	0.178823	0.293882	
D	0.922343	0.916735	0.708537	0.516686	0.717023	1.028126	0.535333	0.323001	2.320118	0.178064	0.291184	5.102836	1.476372	1.600104	
E	0.892590	0.846664	0.469956	0.476462	0.276082	0.883759	1.052337	0.523285	1.184433	0.145030	0.080496	1.909464	1.056597	2.025959	
F	0.928252	0.935417	0.704757	1.069184	1.384221	0.463273	2.492584	0.780472	0.423003	0.655975	0.498077	0.860129	0.733291	0.686007	
G	1.422601	1.768572	2.884053	2.530406	1.279723	2.374923	1.018649	0.472138	0.878579	0.071949	0.801807	1.244014	1.651710	1.154815	
H	0.856954	0.740400	0.374021	0.300113	0.369759	0.734881	0.660219	0.173243	0.292082	0.003354	0.043153	0.794873	0.630323	0.468410	
I	0.822144	0.987954	0.859897	0.336758	0.572334	0.639224	1.203379	0.156557	0.320408	0.075916	0.184763	0.219470	2.019514	1.099716	
K	0.857202	0.739127	0.421634	0.229799	0.122648	0.391694	0.066823	0.044920	0.000610	0.038685	0.015611	0.178920	0.284625	0.399994	
L	1.041186	1.146141	1.703138	1.745755	1.554037	2.018830	4.492608	2.248974	1.119787	0.424400	0.161174	0.713336	1.764801	1.692377	
M	0.998867	0.976556	0.748272	0.864785	0.499270	0.533137	0.673040	0.350653	0.260380	0.250681	0.138611	0.223448	1.054277	0.812457	
N	0.892402	0.847459	0.541368	0.434161	0.426970	0.526796	0.278916	0.322063	0.286446	0.074073	0.117280	2.331230	0.580608	0.732198	
P	0.968226	0.957650	0.618493	1.407179	2.823687	0.552830	0.749126	10.442692	1.287584	0.004066	0.357304	0.440920	0.417144	0.961400	
Q	1.033760	0.881602	0.608374	0.506506	0.405606	0.603861	0.346822	0.058577	0.212970	0.003354	0.065694	0.298832	0.471099	0.922774	
R	1.251779	1.115609	0.961522	1.814895	0.741767	1.250344	0.390598	0.437967	0.313146	0.146307	0.463100	0.308392	0.780638	0.464806	
S	1.014556	1.206551	1.965231	2.097115	1.387914	2.065927	0.780748	0.794672	2.724225	0.180332	0.963576	0.839165	1.032885	0.988044	
T	0.970156	0.845981	1.166808	0.688568	0.592576	0.968206	0.713522	0.214628	0.882696	0.038726	0.082493	0.220719	1.030613	0.714831	
V	1.230469	1.212476	1.774398	1.537583	1.424285	2.165209	1.956912	0.253309	1.056098	0.075188	0.206476	0.531786	2.827013	2.594305	
W	1.000502	0.946120	1.121739	0.995722	2.912238	0.732780	0.473036	0.790305	3.967568	16.895351	14.847142	1.709623	0.511118	0.444967	
Y	0.997302	1.197277	0.955061	0.829812	1.208006	0.486905	1.168918	0.965750	1.368337	0.496031	0.514833	1.119773	0.633178	0.717762	
