#P42684
A	1.220214	3.425080	1.046357	4.062831	1.118382	0.365452	2.824860	0.632002	1.957256	0.106586	0.656081	1.067285	0.902477	0.875797	
C	0.463460	0.195537	0.081581	0.055676	0.006898	0.003974	0.004734	0.005033	0.004902	0.007264	0.064002	0.239611	0.537362	0.805228	
D	0.682888	0.281149	0.220879	0.517915	0.057514	0.003988	0.382711	0.255173	0.958045	0.137541	1.854829	0.787823	0.933047	0.935186	
E	0.633601	0.280381	0.252715	0.651419	0.120126	0.007532	0.781718	0.312032	0.197189	0.092165	0.363790	1.099065	0.842547	0.805640	
F	0.888505	0.471408	0.225429	0.363605	0.403480	0.173263	0.239910	1.066280	0.219954	0.796798	0.967709	1.170434	0.891235	1.226807	
G	2.080519	2.276922	0.836631	1.243151	0.742042	0.085201	0.822257	0.671401	2.480163	0.478039	0.857614	2.197628	0.977327	1.130663	
H	0.506303	0.408268	0.368199	0.310508	0.049929	0.059080	0.530264	1.073565	0.249858	0.134951	1.302237	0.738400	0.674777	0.807936	
I	0.590739	0.323083	0.208916	0.394055	2.870195	0.046544	0.855247	1.434018	0.215768	0.303014	0.238358	0.367126	0.747455	0.856608	
K	0.591096	0.537445	0.140642	0.267480	0.006908	0.004016	0.563571	0.674841	0.004902	0.007314	0.356750	0.501012	0.580227	0.890263	
L	1.901331	1.196421	0.513215	1.549195	7.774204	0.556551	1.662469	3.171256	0.700520	1.756445	1.330452	1.729987	3.223799	1.547410	
M	1.186437	0.506995	0.215607	0.652136	0.532396	0.003993	0.557384	0.902660	0.373117	0.135288	0.506622	1.085626	1.015522	0.904466	
N	0.676373	0.364521	0.124190	0.319385	0.023623	0.139347	0.478536	0.341397	1.235358	0.007295	0.532282	0.421369	0.862239	1.043589	
P	0.797854	1.721107	12.544095	2.807628	1.054058	17.690554	0.806208	0.205642	5.562371	1.198158	0.583924	0.526117	1.016399	1.533585	
Q	0.633898	0.408527	0.086090	0.572714	0.091896	0.003979	0.354271	0.913693	0.174858	0.049827	0.381597	0.654546	0.738743	0.814262	
R	1.094809	2.211782	0.724988	1.125598	0.240515	0.204712	1.365297	1.223082	0.352166	0.260878	0.839590	0.600496	0.749168	0.939906	
S	1.039920	1.464107	0.665877	2.147530	0.399035	0.201830	3.108307	1.815047	3.450408	0.219937	1.003397	2.259320	0.998719	0.948443	
T	1.050805	0.706689	0.222508	0.736555	0.249862	0.161284	1.359632	1.108866	0.943303	0.049827	0.489034	0.535808	0.746179	0.851764	
V	1.886276	2.222850	0.810477	1.118934	3.802364	0.039710	2.075874	1.785632	0.181428	0.389016	0.893015	0.969881	1.562664	1.142799	
W	1.312107	0.415978	0.361882	0.834952	0.053778	0.104183	1.053352	1.096997	0.677466	12.752716	4.809998	1.892638	0.903315	1.048868	
Y	0.762864	0.581748	0.349723	0.268734	0.402796	0.144808	0.173398	1.311383	0.060968	1.116941	1.968720	1.155829	1.096798	0.890782	
