#Q9UHR4
A	0.627566	0.840385	1.337047	1.958387	0.822581	0.751385	1.070989	1.426327	0.002154	2.135887	0.021779	0.093435	2.152898	0.875860	0.734007	
C	0.627566	0.485685	0.272688	0.183596	0.112906	0.041057	0.006155	0.005236	0.002154	0.006099	0.021779	0.093435	0.379209	0.521174	0.734007	
D	0.627566	1.195085	0.627474	0.538554	0.112906	0.041057	1.780878	0.005236	0.002154	2.490852	0.021779	0.448951	0.379209	1.230546	1.088664	
E	1.336964	0.840385	0.627474	0.183596	0.822581	0.041057	1.070989	0.360509	0.358528	1.780923	0.021779	0.093435	1.443422	2.294603	0.734007	
F	0.982265	0.840385	0.982261	1.248471	0.112906	1.106549	1.070989	0.005236	0.358528	0.716028	0.733212	0.804466	1.088684	0.521174	0.734007	
G	1.336964	0.840385	3.465767	1.603429	1.177419	0.041057	0.006155	0.005236	1.427648	0.716028	0.377496	0.093435	1.798160	1.230546	1.088664	
H	0.627566	0.485685	0.982261	0.183596	0.467743	0.396221	1.070989	0.360509	0.002154	0.361063	0.021779	0.093435	0.733947	0.875860	0.734007	
I	0.627566	0.485685	0.627474	0.893513	2.241932	1.106549	0.716044	5.334329	0.002154	0.361063	0.021779	1.159982	1.443422	0.875860	0.734007	
K	0.627566	0.840385	0.272688	0.183596	0.112906	0.396221	0.361100	0.005236	0.002154	0.006099	0.021779	0.448951	0.379209	0.521174	0.734007	
L	0.982265	0.840385	0.627474	0.538554	1.177419	1.461713	0.361100	3.557965	0.002154	0.716028	1.444646	10.758901	1.798160	1.585231	2.152634	
M	0.627566	0.485685	0.272688	0.893513	1.177419	0.041057	0.361100	0.715782	0.002154	0.361063	0.377496	0.804466	0.733947	1.230546	1.088664	
N	1.336964	0.840385	0.982261	0.183596	0.467743	0.041057	1.070989	0.005236	0.002154	1.070993	0.377496	0.093435	0.733947	0.875860	0.734007	
P	0.627566	1.904485	0.982261	5.153010	2.241932	2.172041	1.780878	1.426327	16.395331	0.716028	0.733212	0.448951	0.379209	1.230546	1.088664	
Q	0.627566	0.485685	0.272688	0.893513	0.112906	0.041057	0.361100	0.005236	0.002154	0.006099	0.021779	0.093435	0.733947	0.875860	1.088664	
R	2.755761	1.904485	0.982261	1.248471	1.177419	0.396221	4.620434	0.715782	0.002154	0.361063	3.223230	0.093435	0.733947	0.521174	0.734007	
S	1.691663	1.904485	1.691834	0.538554	2.241932	0.751385	0.716044	0.715782	1.071275	3.555747	0.377496	0.448951	2.152898	1.230546	1.088664	
T	0.627566	0.840385	0.627474	0.183596	1.177419	0.396221	0.006155	0.005236	0.358528	0.361063	0.021779	0.448951	0.733947	0.521174	1.088664	
V	0.982265	1.904485	2.046620	0.538554	1.887094	2.172041	2.135822	3.202692	0.002154	2.845817	0.021779	1.871013	1.088684	1.585231	1.797978	
W	1.336964	1.195085	1.337047	1.958387	1.532257	3.237533	0.716044	1.781600	0.002154	0.716028	11.048999	1.159982	0.379209	0.521174	0.734007	
Y	0.982265	0.840385	0.982261	0.893513	0.822581	5.368516	0.716044	0.360509	0.002154	0.716028	1.088929	0.448951	0.733947	0.875860	1.088664	
