#Q8N157
A	0.979079	1.230147	3.267339	0.175534	0.993024	1.691321	0.574055	1.125574	0.294213	3.246081	0.881407	1.244133	0.581522	0.609471	
C	0.700131	0.393250	0.058182	0.035794	0.016402	0.015392	0.015440	0.009358	0.014694	0.037394	0.044283	0.128095	0.302536	0.609471	
D	0.839605	0.532733	0.058182	0.175534	0.574472	0.155053	0.294748	0.986047	0.014694	0.734935	1.299970	0.546609	1.000000	0.748945	
E	0.700131	0.393250	0.058182	0.035794	0.713989	0.015392	0.015440	0.427939	0.014694	0.734935	1.020928	0.407105	0.442029	0.888420	
F	0.839605	1.509112	0.197711	0.175534	0.295437	0.155053	0.713709	1.265101	0.014694	1.432475	2.695178	0.965124	1.278986	0.748945	
G	1.536975	1.369629	2.848753	0.175534	0.574472	0.015392	0.294748	1.125574	0.573733	0.595426	0.741887	1.104629	0.581522	0.888420	
H	1.118553	0.811698	0.616297	0.175534	0.295437	0.015392	0.015440	0.148885	0.154454	0.316410	0.741887	0.546609	0.581522	0.748945	
I	0.839605	0.672215	1.034882	0.175534	1.830129	2.668946	0.574055	1.125574	0.014694	1.292967	1.160449	1.662648	1.000000	1.306845	
K	0.839605	0.672215	0.337239	0.035794	0.993024	0.015392	0.294748	0.009358	0.294213	0.037394	0.183803	0.128095	0.442029	0.888420	
L	1.536975	0.811698	1.174411	0.315274	1.830129	1.551660	0.434402	1.962737	0.294213	1.711491	2.834699	3.336705	2.673913	1.306845	
M	0.839605	0.951181	0.058182	0.315274	1.132542	0.155053	0.155094	1.125574	0.154454	0.734935	0.602366	0.546609	1.139493	1.446319	
N	0.979079	0.672215	0.476768	0.035794	0.295437	0.015392	0.155094	0.148885	0.154454	0.455918	0.183803	0.407105	0.721014	1.027895	
P	0.979079	0.672215	1.313939	16.804586	0.853507	0.574035	12.863602	4.613751	0.014694	0.734935	0.044283	0.267600	0.721014	1.167370	
Q	1.118553	0.672215	0.476768	0.175534	0.295437	0.015392	0.155094	0.288412	0.294213	0.455918	0.323324	0.407105	0.442029	1.306845	
R	1.397501	1.927561	3.267339	0.455014	0.853507	0.574035	0.574055	0.148885	17.344899	0.316410	0.044283	0.546609	0.581522	0.888420	
S	0.839605	1.369629	1.592996	0.175534	2.388198	0.155053	0.155094	1.683683	0.154454	1.851000	0.881407	1.662648	2.115942	1.306845	
T	0.839605	1.230147	0.337239	0.175534	1.551094	0.015392	0.434402	0.706993	0.154454	0.316410	0.602366	1.104629	0.581522	0.609471	
V	1.397501	1.090664	1.313939	0.035794	4.062407	11.746893	1.830941	2.102264	0.014694	1.711491	3.392782	2.081162	1.976449	1.446319	
W	0.839605	2.067043	0.755825	0.315274	0.295437	0.155053	0.155094	0.427939	0.014694	1.432475	0.881407	1.383638	1.697464	1.027895	
Y	0.839605	0.951181	0.755825	0.035794	0.155920	0.294713	0.294748	0.567466	0.014694	1.851000	1.439491	1.523143	1.139493	1.027895	
