#P49418
A	1.042634	1.188337	2.352570	0.073622	1.456837	1.247522	2.034087	2.376221	0.028761	2.371822	0.638206	1.189076	1.357164	1.075020	
C	0.765154	0.537564	0.200528	0.011545	0.006916	0.002341	0.000124	0.000424	0.000700	0.004802	0.008335	0.052908	0.235194	0.463557	
D	0.802921	0.704152	0.256053	0.011545	0.080010	0.002364	0.000125	0.325295	0.023760	0.133490	0.184955	0.818986	0.740163	0.860034	
E	0.918439	0.797017	0.387470	0.030219	0.605868	0.002346	0.038572	0.451273	0.001665	0.259578	0.156179	1.141774	0.623377	0.741165	
F	0.893440	0.780325	0.706166	3.866436	0.488736	0.002738	0.092548	0.913676	0.053816	0.996134	2.000246	1.004348	0.964180	0.979926	
G	1.639208	2.035239	2.294867	0.144181	0.286051	0.073157	0.181283	0.273180	0.056539	1.347854	0.775754	0.642710	1.280628	1.052830	
H	0.802199	0.655275	0.333813	0.047742	0.138450	0.020389	0.055189	0.133121	0.101102	0.620596	0.238505	0.366718	0.448768	0.481396	
I	0.855848	0.799939	0.831069	0.129380	2.089225	0.704873	0.029853	1.422232	0.030165	0.717495	1.916011	1.411023	1.038887	1.216378	
K	0.913358	0.774670	0.778203	0.011545	0.311501	0.004868	0.018665	0.023122	0.050038	0.017637	0.026874	0.184049	0.308878	0.499734	
L	1.204689	1.381016	1.532514	0.204794	2.877291	0.087967	0.131954	3.451441	0.194533	2.900261	5.425472	4.113904	3.195701	3.211557	
M	0.944697	0.784955	0.887675	0.069336	0.858330	0.006903	0.091323	0.798430	0.033632	1.129493	1.297679	1.279661	1.138623	1.042613	
N	0.854957	0.776954	0.365826	0.049937	0.101196	0.002634	0.036493	0.111977	0.056105	0.572948	0.124087	0.272229	0.529423	0.643910	
P	0.954582	0.892202	0.769952	11.461895	0.564283	3.320041	15.247644	2.742214	0.685668	0.424256	0.280387	0.735787	0.506677	0.537134	
Q	0.821589	0.682223	0.533819	0.048762	0.550475	0.057937	0.051785	0.209371	0.008510	0.375555	0.115926	0.447859	0.640858	0.847535	
R	1.202069	1.341687	2.306212	0.175923	0.802620	12.343478	0.109865	0.001163	18.324059	0.124414	0.056269	0.151919	0.455748	0.553229	
S	1.192563	1.663290	1.420413	0.205877	0.819142	0.056318	0.851326	1.047577	0.147896	1.934591	2.141677	1.154871	1.544524	1.138582	
T	0.915717	0.966347	0.717455	0.138180	1.308239	0.174149	0.529845	0.951622	0.037661	1.263545	0.504050	0.687476	0.933194	0.740788	
V	1.315196	1.603115	2.328249	0.281834	6.135183	1.827244	0.499072	3.875030	0.036708	2.051432	2.230394	2.784787	2.549981	2.535888	
W	1.066694	0.851378	0.427068	1.339054	0.216848	0.060177	0.000125	0.477625	0.051188	1.241911	0.961821	0.711034	0.752112	0.646531	
Y	0.894047	0.784316	0.570077	1.698194	0.302798	0.002554	0.000125	0.415006	0.077493	1.512186	0.917172	0.848881	0.755919	0.732190	
