#A1A4S6
A	0.229136	3.796355	0.008459	1.221089	3.650377	0.006764	0.815411	0.877476	0.573064	2.748614	0.755345	0.919708	1.181444	0.879923	
C	0.229104	0.128249	0.005702	0.004133	0.007187	0.006732	0.004795	0.068315	0.168851	0.290212	0.351189	0.512978	0.777541	0.878966	
D	0.229150	0.532991	0.005708	0.815107	1.250593	0.411161	0.815231	0.472438	0.573068	0.290878	0.351350	0.513409	0.777549	0.878987	
E	0.229104	0.128421	0.409331	0.004133	0.411938	0.815412	0.004795	1.281130	1.785717	1.852664	0.351338	0.916851	0.778700	0.879015	
F	0.229104	0.936824	1.626794	0.004133	0.411769	0.006732	0.410073	0.877103	0.573061	1.098730	1.159901	0.513069	1.127308	0.878966	
G	1.443469	0.888903	1.224340	0.004137	1.220497	0.006732	2.030831	2.082916	0.574584	0.290562	0.755320	1.323764	1.182867	0.878970	
H	0.633727	0.128249	0.815416	0.409680	0.411431	1.220020	0.004796	1.282223	0.168929	0.696093	0.755389	1.321480	0.777541	0.878968	
I	0.229154	0.532806	0.005795	0.004143	1.168653	1.219998	0.004795	0.068552	0.977282	0.290392	1.189803	1.322706	0.778563	0.879323	
K	0.633676	0.534936	0.005702	0.004133	1.219919	0.862657	0.004980	0.824379	0.573068	0.694356	0.351189	0.513155	0.777550	0.878968	
L	1.045004	1.749524	8.514743	0.409783	0.876120	4.046231	0.415858	2.154531	3.812885	2.718350	2.837825	0.513387	1.582400	1.682519	
M	0.257287	0.526800	0.415966	0.409640	2.029622	1.627197	0.410013	0.070215	0.573247	0.692660	1.969423	1.322371	1.181690	0.879009	
N	0.229104	0.128249	1.220205	0.409621	1.620225	0.413034	0.004801	0.876578	0.573034	0.696424	0.755308	0.512978	0.777544	0.879006	
P	0.639187	1.343095	0.843829	13.376601	1.222704	2.023169	10.989778	2.493589	0.655192	0.292642	1.967509	1.374715	1.181458	1.283441	
Q	0.229106	0.128249	0.005704	0.409586	0.007210	0.006750	0.816537	0.473096	0.168851	1.100445	0.353599	1.316939	0.777695	0.878966	
R	5.893477	1.342045	0.407920	0.409645	0.007206	0.876421	0.410399	0.472450	0.988113	0.694798	0.755317	0.513133	0.777596	0.878966	
S	0.229374	0.588873	0.410645	0.870520	0.816361	0.411101	1.221920	1.683286	1.785701	2.312133	0.352323	1.351042	1.583650	1.687040	
T	0.229117	1.340778	0.005923	0.004133	0.007192	1.571142	0.005793	0.876580	0.522410	0.690108	0.351360	0.513989	0.780030	1.281089	
V	0.633914	2.151385	0.818889	0.409623	1.222697	2.837704	1.619603	1.281723	2.594151	1.505297	1.160993	1.725806	1.182360	0.879880	
W	4.681562	2.560476	2.839869	0.816026	1.220170	1.624311	0.004795	0.876563	1.785724	0.296258	2.314550	2.135371	1.237823	0.879030	
Y	1.847248	0.532791	0.409058	0.004133	1.218129	0.006732	0.004795	0.906856	0.573068	0.748382	1.160969	0.863148	0.778692	0.878967	
