#A7KAX9
A	1.251474	1.203350	0.893249	1.517138	0.000914	4.069711	0.000904	0.971294	3.295026	0.385622	0.000516	0.545144	1.106044	1.541375	1.463995	
C	0.671174	0.429309	0.313143	0.167872	0.000914	0.002688	0.000904	0.000982	0.003137	0.001752	0.000512	0.158431	0.332578	0.574393	0.690512	
D	0.671174	0.429309	0.313143	0.361391	0.000914	0.195649	0.000904	0.000982	1.547455	0.001752	0.000512	0.932353	0.912966	0.574393	0.690512	
E	1.058197	0.429309	0.699951	0.361405	0.000914	0.197027	0.000904	0.000982	0.777418	0.001752	0.194393	0.544591	0.719628	0.767928	0.690512	
F	0.671783	1.203856	1.861534	1.715834	0.000915	0.002688	0.000904	0.195044	0.384658	0.001752	0.000512	1.706768	1.492610	0.961412	0.690513	
G	2.023794	1.590165	2.441869	1.909953	0.773452	0.209146	0.000904	0.000982	0.776528	0.001752	0.194666	1.126111	1.106671	0.767129	1.464350	
H	0.671174	0.816367	0.313143	0.748476	0.194976	0.390096	0.000904	0.000982	0.003747	0.195656	0.000512	0.932592	0.913037	0.961190	0.880221	
I	0.671174	0.622842	1.280564	0.748319	0.000914	0.196146	0.000904	0.000982	0.003137	6.589877	0.194676	0.544587	1.300168	0.574393	1.072520	
K	0.671174	0.622563	0.313143	0.554874	1.941166	0.583876	0.000904	0.000982	0.390349	0.001752	0.000535	0.545384	0.522424	0.574393	0.690512	
L	1.638475	2.557291	1.086696	1.134282	0.000914	1.165063	16.670733	0.000982	2.322449	8.541680	0.000512	1.705802	1.296166	2.122529	2.443893	
M	0.864621	0.816375	1.086358	1.135149	0.000914	0.583208	0.000927	1.747523	1.551669	0.001752	0.000512	0.545267	1.880492	1.348547	0.690512	
N	1.058204	1.009891	0.506658	0.941869	0.000914	0.002688	0.000904	0.000982	0.196780	0.001752	0.000512	1.319630	0.332601	0.574393	0.690512	
P	0.864686	0.429309	1.087088	0.748401	0.000914	7.735733	0.401811	16.682269	1.164848	0.001752	19.019698	0.545314	0.718708	0.574393	0.690512	
Q	0.864677	0.622842	0.313143	0.361405	0.000914	1.165068	0.000904	0.000982	0.390424	0.001752	0.000512	0.545250	0.525308	0.764115	0.690512	
R	1.251674	1.783290	0.700245	0.757435	16.868894	0.389241	2.523910	0.000982	0.583729	0.001752	0.194652	0.751797	0.332579	0.574393	0.884014	
S	1.251349	1.395727	2.247334	1.909383	0.000914	1.164854	0.000918	0.195082	4.648042	0.001752	0.000513	2.287171	1.299890	0.767926	1.266459	
T	0.864669	0.622840	0.893500	0.941336	0.000914	0.390141	0.000906	0.195042	0.584063	0.195651	0.000512	0.536748	0.719635	1.154959	0.884028	
V	1.057825	1.396393	1.861097	1.327580	0.207751	1.357847	0.194968	0.000982	1.176972	3.873352	0.194717	2.670395	1.687228	2.905196	1.658053	
W	1.251529	1.009846	0.313753	1.522571	0.000914	0.002689	0.000905	0.000982	0.003137	0.001752	0.000512	1.317598	1.686873	0.767877	0.883822	
Y	0.671174	1.009122	1.474389	1.135328	0.000969	0.196442	0.194973	0.000982	0.196434	0.195395	0.000512	0.739067	1.114394	1.149061	0.884033	
