#A6NI28
A	0.703921	0.894276	2.405346	0.690425	2.669850	0.000713	1.102742	1.787346	0.414085	5.143812	0.611615	0.534502	0.912084	
C	0.634512	0.200955	0.021786	0.004037	0.004423	0.000709	0.000557	0.007792	0.007362	0.007703	0.011099	0.014778	0.363378	
D	0.634512	0.200955	0.021973	0.004578	0.759445	0.143643	0.000565	0.968585	0.007363	0.422068	0.011224	0.151576	1.254279	
E	0.634512	0.200955	0.090426	0.009141	0.691468	0.539217	0.000570	0.353641	0.007405	0.007704	0.148933	0.071610	1.337107	
F	1.252247	1.095049	0.433315	0.278722	0.232606	0.000739	0.000557	0.282282	0.076016	0.418116	4.814383	0.838630	0.629643	
G	0.768134	0.884977	8.015000	0.073138	1.135310	0.069554	0.078980	0.282265	0.827169	0.835400	0.608450	0.694266	0.857169	
H	0.634512	0.269590	0.021786	0.072322	0.073055	0.067117	0.206552	0.968518	0.474270	0.144938	0.216942	0.014778	0.569234	
I	0.634512	0.338211	0.090426	0.210014	0.605109	0.203781	0.000558	0.213785	0.144652	0.625375	4.007890	1.044522	0.911999	
K	0.634512	0.338204	0.159088	0.004037	0.210320	12.596892	0.206297	0.145018	0.144877	0.143955	0.011114	0.014778	0.433709	
L	5.159264	6.240314	1.596853	2.898517	2.003207	1.140413	0.961715	4.525529	0.814077	2.996650	3.143209	4.863545	1.598311	
M	0.703130	0.269568	0.159056	0.004042	0.758105	0.755910	0.000557	0.614095	0.419275	0.280469	1.245898	0.289234	0.636134	
N	0.634512	0.406009	0.021786	0.004132	0.622076	1.030537	0.206613	0.556771	0.144406	0.144896	0.011102	0.014778	0.643736	
P	0.690222	0.540497	0.909090	12.713527	1.303770	0.282657	14.414444	3.097567	1.180439	1.770047	0.285606	0.157793	0.569223	
Q	0.703094	0.269580	0.093749	0.278676	0.277171	1.245154	0.206557	0.899861	0.350605	0.144916	0.088475	0.220634	0.500566	
R	0.904752	0.800733	1.877659	1.437295	0.622082	0.819529	0.961857	1.582481	12.825005	0.354918	0.149100	0.366437	0.499706	
S	1.182585	3.820848	0.378382	0.278700	0.614737	0.069322	0.756042	0.661192	0.211672	1.381218	0.496061	1.125296	0.964523	
T	0.703082	0.612702	0.091195	0.415997	0.127921	0.811677	0.755793	0.082619	1.243075	3.573062	0.216967	0.495246	0.569207	
V	0.840356	1.139015	2.404048	0.568283	7.140421	0.083448	0.069243	1.584647	0.144244	0.900945	1.989442	1.364436	1.987116	
W	1.308008	0.949069	1.187251	0.050243	0.004424	0.069635	0.069243	0.143015	0.350633	0.354171	0.881261	7.296590	1.587582	
Y	0.639622	0.528492	0.021787	0.004175	0.144499	0.069353	0.000557	1.242990	0.213370	0.349639	1.051227	0.426573	3.175292	
