#P98171
A	1.360887	0.712762	0.042406	0.797185	1.910582	0.386535	0.767597	0.387237	0.002558	2.720978	0.483649	0.502527	0.408517	0.675579	
C	0.598613	0.331526	0.042406	0.007193	0.006329	0.004179	0.003564	0.005295	0.002554	0.025687	0.101962	0.121135	0.408491	0.675579	
D	0.598613	1.094200	0.042406	0.007193	0.006329	0.004179	0.003575	0.005295	0.768544	0.025757	1.624324	0.502443	0.408491	2.197424	
E	0.979752	1.094265	0.042406	0.007193	0.006329	0.004179	0.003565	4.969302	0.002554	1.932015	2.798536	2.027976	1.185669	1.056737	
F	0.979770	0.331526	0.042406	0.770148	0.769411	6.503907	0.003564	0.384509	0.002554	1.169970	0.101963	2.056351	1.171133	0.679604	
G	1.741211	3.026185	0.427162	2.295015	1.150987	0.004179	0.386180	0.005295	1.151537	1.169988	1.642829	0.883904	0.789060	0.690641	
H	0.625463	0.331565	0.044049	0.385469	0.006329	0.004179	0.387310	0.005295	0.385549	1.169961	0.101962	0.502504	0.408491	0.675579	
I	0.979598	0.331529	0.807626	0.007196	0.387042	0.386557	0.003564	1.151125	0.002554	1.172140	1.246140	1.644433	0.410129	0.675635	
K	0.598613	0.331526	0.042406	0.385531	0.771253	0.004179	0.783889	0.005295	0.002554	0.025687	0.101962	0.121135	0.408491	0.675579	
L	2.123106	1.094114	0.044891	0.390904	3.054601	0.004179	0.795169	6.153662	0.002557	2.328481	3.153153	2.027272	2.693334	1.434822	
M	0.598616	2.237967	0.804885	0.770193	1.914053	0.004179	0.003565	1.533105	0.002554	0.788556	2.009025	1.264643	1.171247	0.675649	
N	0.979753	0.331534	0.423813	2.295489	0.387881	0.004179	0.003564	0.005295	0.002554	1.169234	0.482641	0.502504	0.408492	0.675579	
P	0.979678	0.714929	0.042990	1.151715	0.387880	3.105416	13.772240	0.387624	16.121580	0.026074	0.481077	0.502504	0.408877	1.053226	
Q	0.978554	1.473032	0.807603	0.387967	1.531936	0.004179	0.003573	0.769179	0.002554	0.025687	0.866968	0.502506	0.408496	0.675579	
R	0.979629	0.712822	0.805297	2.677758	3.832799	0.004179	0.003564	0.005295	0.768515	0.025687	0.101962	0.121135	0.408491	0.675579	
S	2.122568	2.618556	0.042406	4.198655	1.150986	0.004179	1.914504	0.005295	0.002561	2.310320	2.008242	0.121136	1.549713	1.437702	
T	0.598613	0.331526	0.425011	0.388703	0.769434	0.386552	0.003565	0.005295	0.385549	1.550779	0.483375	0.121142	1.552453	0.675579	
V	0.979734	0.712819	0.807554	0.773561	1.943180	0.004179	0.385086	1.914978	0.002554	1.551077	0.483409	2.408581	3.458163	2.580466	
W	0.598614	1.474797	14.219866	1.532079	0.006329	1.916072	0.386179	1.533064	0.002554	0.404800	0.483481	1.643441	1.933749	1.056731	
Y	0.598613	0.712819	0.042409	0.770854	0.006331	7.260633	0.386182	0.768563	0.385509	0.407122	1.243339	2.422728	0.408514	1.056732	
