#Q9UNA1
A	1.381528	2.780621	0.299309	3.150004	0.000108	2.157208	3.039965	0.024611	1.994318	0.900306	1.371078	1.111784	1.332392	
C	0.475032	0.090986	0.000217	0.000438	0.000094	0.000181	0.000392	0.000085	0.002856	0.016602	0.068517	0.255761	0.525445	
D	0.646247	0.140113	0.098084	0.587012	0.000099	0.000182	0.319496	0.000088	0.298238	0.263803	0.410918	0.846389	1.086982	
E	0.695123	0.286711	0.000217	1.026896	0.178461	0.024648	0.373603	0.026079	0.271930	0.359095	0.655225	0.891961	0.941220	
F	0.695068	0.482351	0.171547	0.245630	0.000094	0.244847	0.402762	0.000402	0.737504	2.250394	1.264364	0.939231	0.723522	
G	2.065489	4.620033	0.049536	0.856671	0.000096	0.024761	0.563005	0.274001	0.504466	0.895970	0.759680	1.044437	1.092986	
H	0.548411	0.164313	0.073617	0.171627	0.000101	0.148214	0.049560	0.125340	0.321055	0.407973	0.435405	0.622598	0.672200	
I	0.621792	0.849127	0.342814	0.781550	0.161819	0.073581	1.222072	0.000087	1.054783	1.043659	1.193200	1.190074	1.014309	
K	0.646218	0.237562	0.001233	0.415886	17.960097	0.049687	0.024878	0.076260	0.075919	0.041063	0.215480	0.451435	0.606163	
L	1.454317	1.552038	1.199669	2.203399	0.052201	0.269820	3.659156	0.381411	4.407496	4.333697	3.979481	2.394671	1.918832	
M	0.645722	0.435979	0.098089	0.641027	0.058671	0.154283	0.834744	0.146215	1.547725	1.433410	0.927332	1.265255	1.110539	
N	1.109950	0.139909	0.000424	0.293895	0.220135	0.073453	0.147159	0.000085	0.222220	0.163367	0.362279	0.630229	0.916792	
P	0.819842	1.361311	15.244458	1.573569	0.221706	14.944573	3.798680	0.447990	0.296451	0.188169	0.338062	0.498427	0.819396	
Q	0.817582	0.237810	0.071895	0.516037	0.318915	0.122667	0.269467	0.024554	0.369745	0.261206	0.557892	0.476241	0.647740	
R	1.243683	0.726729	0.146994	0.706659	0.426395	0.220380	0.442121	18.146809	0.294853	0.357769	0.437780	0.404869	0.770078	
S	1.527631	1.460173	0.220029	1.033424	0.073112	0.418601	1.127280	0.079885	1.898022	0.823733	1.043961	1.159780	1.136772	
T	0.817797	0.508860	0.122839	0.854239	0.199028	0.453704	0.391732	0.195957	1.641242	0.383699	0.606507	0.795286	0.965686	
V	1.955366	2.960505	1.834071	4.623313	0.103830	0.396918	2.500654	0.000087	2.879338	2.174379	3.197876	2.234938	2.026612	
W	0.964226	0.531417	0.024700	0.122856	0.000094	0.098044	0.514884	0.025593	0.567172	2.068209	1.193267	1.258986	0.696674	
Y	0.868978	0.433449	0.000259	0.195867	0.024944	0.124248	0.318390	0.024461	0.614667	1.633499	0.981697	1.527649	0.995657	
