#Q8IWW6
A	1.138768	1.798752	1.830365	0.055809	1.109603	0.000395	1.820355	4.436315	1.825609	1.667198	0.358501	0.945627	1.302907	
C	0.584754	0.248665	0.000753	0.000058	0.000937	0.000384	0.000853	0.002803	0.001066	0.003917	0.026078	0.170097	0.416331	
D	1.416493	1.799366	0.000753	0.000058	2.217755	0.000384	0.001481	0.002808	0.829557	0.721605	0.524570	0.613335	0.740883	
E	1.305042	1.356402	0.000753	0.000058	0.610297	0.000384	0.056706	0.002967	0.608100	0.665535	0.192033	0.611413	0.930752	
F	0.751047	0.413629	0.389941	0.000058	0.167079	8.747768	0.167296	0.002807	0.380275	0.444427	1.063264	1.056908	0.749307	
G	1.469644	3.901242	0.221941	0.000058	2.764759	0.261698	0.222805	0.060155	1.330323	1.152117	0.490824	2.092848	1.246535	
H	0.584754	0.304081	0.000753	0.053060	0.278054	0.353315	0.609878	0.002803	0.276838	0.502435	0.687674	0.557564	0.692982	
I	0.640746	0.304644	1.886202	0.000061	0.111816	0.000384	1.663059	0.168054	1.274617	0.911016	1.241965	1.052703	1.192015	
K	0.584754	0.304184	0.000753	0.000058	0.111775	0.000384	1.331274	0.002845	0.499967	0.447385	0.247758	0.613512	0.582609	
L	1.912245	1.467958	4.089739	0.000058	1.327569	0.109749	1.105473	0.060106	1.773396	2.606488	2.401589	2.129786	2.060220	
M	0.861806	0.743961	0.832367	0.053449	0.555421	0.000384	0.277979	0.002805	0.610804	0.607609	0.413773	0.883410	0.914691	
N	0.861784	0.637783	0.000753	0.000058	1.607776	0.000384	0.132553	0.002823	0.499872	0.447136	0.303074	0.502570	0.803317	
P	1.083682	0.857454	3.931360	19.836423	0.389188	0.000384	0.056017	12.198956	1.879112	1.272489	5.231120	0.605356	0.638653	
Q	0.913762	0.636572	0.056055	0.000058	0.277809	0.000384	0.388959	0.002804	0.428823	0.281072	0.136947	0.667081	0.748791	
R	0.861728	0.470400	0.000754	0.000355	1.142112	0.000387	3.216474	0.002804	1.109724	1.934338	0.691093	0.720674	0.914301	
S	1.414218	1.688319	0.333566	0.000061	3.981357	0.056145	2.872598	0.153739	2.050734	1.498269	0.739992	1.610952	1.136730	
T	0.971235	0.748196	0.166962	0.000059	1.904065	0.055855	1.996394	0.058279	1.220587	0.889988	0.303189	1.001685	1.081364	
V	1.138751	0.968396	5.599016	0.000059	0.775323	0.113030	4.077465	2.664093	2.435581	2.111037	2.567595	2.052125	1.690187	
W	0.698721	0.823575	0.269094	0.000084	0.499830	9.909525	0.000853	0.058226	0.222775	1.056020	0.912801	1.057046	0.967313	
Y	0.806067	0.526422	0.388120	0.000058	0.167474	0.388679	0.001529	0.113807	0.742240	0.779919	1.466162	1.055309	1.190111	
