#P98171
A	1.197395	2.600422	0.856227	4.760648	0.281598	0.540980	3.427882	0.265873	1.053710	2.085090	0.791140	1.368393	2.953705	1.026513	
C	0.673197	0.240391	0.068010	0.055958	0.016658	0.015066	0.017634	0.003279	0.002232	0.004714	0.004379	0.056881	0.331702	0.764415	
D	0.673197	0.502552	0.068010	0.055958	0.804231	0.015066	1.066682	0.003279	0.527972	0.791317	1.055907	0.056922	0.331702	0.766319	
E	0.673198	0.764728	0.068010	0.055958	0.016658	0.015066	0.279898	0.266729	0.002232	0.267509	2.609190	0.581493	0.846111	1.026509	
F	0.935282	0.240391	0.068010	0.056003	0.016674	0.015549	0.279898	0.792938	0.002232	1.578030	1.053644	2.660423	0.856106	1.810038	
G	1.197956	2.582772	0.592014	1.893625	0.016658	0.015066	1.066688	0.003279	0.002232	0.004714	3.404027	0.843776	1.381028	1.540351	
H	0.916830	0.502586	0.329621	0.582986	0.279182	0.015066	0.279122	0.003279	0.002232	0.266950	0.004379	0.581492	0.331702	0.764415	
I	0.935400	0.502610	0.068010	1.105565	2.905003	0.278016	0.542162	0.791060	0.002232	0.527669	0.266738	1.107600	1.117182	1.288572	
K	0.673197	0.240391	0.068010	0.058140	0.540455	0.015066	0.269550	0.265873	0.002232	0.529148	0.004379	0.056881	0.331702	0.764415	
L	1.721630	2.862603	2.956433	0.579249	2.119708	0.015066	1.573137	10.218829	0.527970	2.617129	0.791405	3.205034	3.480247	1.028620	
M	1.197389	0.502629	0.332632	1.367983	0.016685	0.015066	0.804425	1.053629	0.002232	2.364667	0.004380	0.581903	0.856028	1.550660	
N	0.673197	0.502607	0.068836	0.318886	0.279182	0.015066	0.542162	0.003279	0.002232	1.054101	1.054149	0.056881	0.593903	0.764415	
P	0.935345	1.025604	12.416345	3.729595	0.279183	14.448247	2.381734	1.315986	13.911542	0.791099	0.268276	0.056881	0.593638	0.766826	
Q	0.674022	0.242023	0.068026	0.318866	0.542122	0.015066	1.066683	0.003279	0.265102	0.266931	0.527513	1.368407	0.856102	0.764415	
R	0.935379	1.289275	0.595087	0.055962	4.997092	0.278016	0.804425	1.316251	0.002251	1.053582	0.004379	0.319186	0.331702	0.764415	
S	1.197806	1.814219	0.068010	0.059498	0.016659	0.278016	1.330414	0.791062	2.368060	1.318529	2.365765	0.319186	0.595789	1.026639	
T	0.935294	0.502612	0.068014	0.580762	0.016658	0.015070	0.542162	1.578846	0.002232	0.529590	0.004379	0.581487	0.331703	0.764415	
V	1.197404	2.075941	0.330799	3.464885	6.034705	0.278016	3.427811	0.003298	0.527972	2.364905	2.102887	0.844324	1.905531	1.289216	
W	1.721585	0.503031	0.579149	0.319154	0.016658	0.278014	0.017634	0.003279	0.265102	0.792961	1.578205	1.108283	1.118326	0.764416	
Y	0.935294	0.502613	0.330747	0.580321	0.804229	3.439411	0.279896	1.316675	0.528000	0.791364	2.104878	4.244568	0.856090	0.764415	
