#Q8IWW6
A	0.935598	1.486940	2.246465	3.598471	0.677028	0.001273	3.372168	1.141059	0.224444	0.247856	0.572657	1.134411	0.966944	
C	0.262278	0.138724	0.004009	0.002760	0.003456	0.001273	0.003732	0.002633	0.012693	0.022241	0.348225	0.685671	0.741871	
D	0.262279	0.588116	0.677366	0.227494	0.901611	0.001273	1.797752	0.002639	0.012713	0.022247	1.470373	0.910050	0.966235	
E	0.262583	0.363205	0.004009	0.002760	0.452619	0.001273	1.562012	0.002634	0.012695	0.022244	2.592513	2.256632	1.415950	
F	0.262278	0.587640	1.070814	0.227494	0.003456	3.319926	0.003732	0.672810	8.351156	0.022245	0.348248	0.910045	0.966246	
G	3.179832	1.948320	1.571081	0.672857	0.224859	0.001274	2.244085	0.002633	0.012693	0.022244	3.490037	1.359475	1.190616	
H	0.486719	0.138725	0.677365	0.002865	0.901751	0.001274	0.452707	0.002633	0.237680	0.022512	0.572681	0.910039	0.741872	
I	0.709332	0.809869	0.691443	2.474719	0.228033	0.001273	0.003732	0.002640	0.012695	0.022263	0.797971	0.911594	1.414955	
K	0.262278	0.138725	0.439613	0.002760	0.452611	0.001273	0.003733	0.227482	0.012693	0.022245	0.348225	0.685673	0.741871	
L	2.729660	2.384337	2.698011	0.227490	1.140424	0.001281	1.575191	0.886520	0.690398	0.193712	1.694750	1.359636	2.088067	
M	0.935599	0.574336	0.452911	0.452217	0.003562	1.126611	0.228248	1.575963	0.012693	0.022370	1.021449	0.910179	0.741875	
N	0.711824	0.587632	0.228303	0.002760	7.132429	0.001273	0.901797	2.025495	0.012826	0.022249	0.572661	0.685682	0.741888	
P	1.159981	3.277492	1.577173	1.814726	0.452680	0.001273	0.848071	0.228447	0.012712	19.179222	0.350518	0.685683	0.966209	
Q	0.262284	0.363182	0.228460	0.002760	0.228046	0.001273	0.228249	0.002634	0.012693	0.022241	0.348225	0.685672	0.741871	
R	1.384481	2.383130	1.799636	0.452353	1.351921	0.001273	0.901855	0.002634	0.012698	0.022305	0.797083	1.134429	0.741895	
S	1.159880	0.758510	1.799586	0.834530	2.251274	0.001535	3.385934	5.119454	0.012706	0.022809	1.470873	1.134544	0.966259	
T	0.711087	0.138732	0.452921	0.228059	0.902454	0.001273	1.126325	8.093765	0.012693	0.022255	0.572652	0.685684	0.966239	
V	2.452980	1.483881	2.023949	8.767406	2.024511	0.001318	0.904183	0.002652	0.013200	0.022254	0.587788	1.134975	1.414798	
W	0.937073	0.812123	0.229735	0.002760	0.227971	15.306591	0.452761	0.002634	0.012693	0.022243	1.245968	1.134242	0.742305	
Y	0.931972	1.036382	1.127148	0.002760	0.439304	0.226188	0.003732	0.002637	10.305226	0.022242	0.797101	0.685684	0.742033	
