#Q6ZUM4
A	1.007734	0.524076	0.270055	0.613871	1.213795	0.611414	0.865507	1.243350	0.422186	1.653371	1.674274	0.926364	1.819116	0.682244	
C	0.806920	0.524067	0.066468	0.003897	0.003328	0.002354	0.006559	0.005078	0.016600	0.033421	0.053995	0.115383	0.196953	0.479826	
D	1.415057	1.740476	0.066500	0.009000	3.837119	0.002354	0.210032	0.005128	1.008043	0.273471	0.678662	0.722868	0.399772	0.885230	
E	0.806920	0.726142	0.201890	0.003897	1.016976	0.002354	0.209502	0.818004	1.827213	0.239138	0.255515	2.742533	1.407307	1.080431	
F	0.807685	0.929149	0.542783	0.612996	0.003328	3.634972	1.256126	0.005078	0.421925	1.453673	0.656854	0.335411	1.210604	1.513303	
G	1.211104	2.335561	1.106912	0.617873	0.617698	0.206810	0.414133	0.009753	0.646608	1.664863	2.692408	2.747763	0.803664	0.877910	
H	0.806921	0.528192	0.066468	0.005444	1.846296	0.002357	0.413437	0.208651	0.219013	0.845566	0.458812	0.319604	1.006939	1.308061	
I	0.809239	0.927666	1.470654	0.207049	0.206205	0.002354	2.446182	0.208228	0.218151	0.439109	0.662075	0.521729	1.203139	1.087852	
K	0.806920	0.525802	0.066468	0.207060	0.003328	0.002354	0.209403	0.005088	0.422300	0.033422	0.053995	0.519705	0.434827	0.479826	
L	1.009625	1.940213	1.281972	0.555111	0.003328	0.002523	5.264437	0.610739	1.651172	4.282935	0.860962	2.344994	1.203751	2.336845	
M	0.811676	0.938859	0.675910	0.208783	0.003328	0.205050	0.209566	0.209083	1.233685	0.228793	0.259096	1.534280	1.413133	0.886565	
N	0.806920	0.715606	0.066468	0.003897	1.220590	0.002354	0.006565	0.005110	0.016600	0.040447	0.274658	0.521003	1.412208	0.479826	
P	1.212389	0.728387	0.673085	13.978939	2.982968	0.814611	1.025510	15.185911	3.463190	2.477937	4.308027	1.164789	2.039863	0.479826	
Q	0.812012	0.725669	0.267519	0.205144	2.234143	0.219894	0.006559	0.005078	0.410232	0.439191	0.054704	0.116165	0.198757	0.677771	
R	1.009557	0.861446	1.281160	0.613355	1.460397	2.439234	0.006559	0.005092	2.250087	1.453596	0.662124	0.318203	0.400185	0.479826	
S	1.406537	1.606288	0.274092	0.886037	0.878074	0.951236	0.417512	1.023266	1.643518	2.449647	0.679710	0.521790	1.008236	1.087681	
T	0.806920	0.727020	0.268331	0.612227	1.643190	0.205083	2.441881	0.207891	1.031335	0.652828	1.060576	0.115452	2.012939	1.305298	
V	1.211160	0.524204	2.262964	0.239350	0.211300	0.814654	4.172047	0.223715	2.856876	0.645764	2.087644	2.954442	0.417051	1.085883	
W	1.026432	1.340088	8.815440	0.005155	0.409098	9.669937	0.006968	0.005492	0.016600	0.033644	1.468560	0.522340	0.805232	0.479860	
Y	1.408270	1.131090	0.274863	0.410915	0.205514	0.208098	0.411515	0.010267	0.224666	0.659181	1.097350	0.935182	0.606323	2.305939	
