#Q14155
A	1.048179	5.276938	0.168405	3.304213	0.314149	2.238985	1.537227	0.000152	1.423128	1.520079	1.289778	1.263188	0.937000	
C	0.667944	0.033425	0.014570	0.010533	0.004846	0.000338	0.000248	0.000055	0.001488	0.005992	0.042648	0.134310	0.332474	
D	0.845770	0.123606	0.034750	0.322354	0.071674	0.000338	0.022518	0.000134	0.134953	0.118507	0.354043	0.738260	0.711031	
E	0.890562	0.077963	0.126257	1.144704	0.049402	0.111408	0.334238	0.000055	0.179568	0.451249	0.421242	0.468337	0.911550	
F	0.890448	0.144553	0.014571	0.766145	4.811028	0.869433	0.125448	0.000056	0.730196	1.364775	1.207843	1.136654	1.195783	
G	1.467615	6.531793	0.101398	1.590529	0.205204	0.194691	0.207961	0.077822	0.848780	1.121623	1.892152	1.007076	1.059624	
H	0.690219	0.057532	0.036503	0.277607	0.226008	0.133628	0.176389	0.000319	0.403969	0.451332	0.599556	0.420428	0.421706	
I	1.024254	0.189365	0.014593	0.592015	2.611315	0.807146	0.780023	0.000073	1.270630	1.386818	1.356129	1.091244	1.147949	
K	0.935178	0.144768	0.014570	0.322260	0.027123	0.026598	0.044763	0.066874	0.023713	0.095081	0.220836	0.267840	0.488218	
L	1.445495	1.276194	0.168503	1.593361	2.560419	2.645111	0.913437	0.466521	3.374069	3.719963	3.268372	3.613760	4.431206	
M	0.911244	0.188001	0.034436	0.478092	0.138518	0.888996	0.533564	0.201639	0.736445	0.877670	0.888914	1.313307	0.959999	
N	0.846129	0.077801	0.014573	0.233261	0.049319	0.110340	0.066746	0.044612	0.357882	0.072816	0.376660	0.464687	0.537114	
P	0.912826	2.390967	18.745833	1.807406	0.205351	5.978647	11.558458	0.219885	1.313794	0.534427	0.263929	0.201138	0.508863	
Q	0.900873	0.122518	0.014663	0.453457	0.004851	0.288748	0.289970	0.044413	0.157423	0.429214	0.554401	0.423801	0.688851	
R	0.912789	0.677271	0.119443	0.953623	0.141380	0.401116	0.089244	18.721064	0.158154	0.206354	0.154055	0.351269	0.421583	
S	1.446989	0.789891	0.058918	1.611845	0.027123	1.760087	1.251983	0.022458	2.271211	2.003651	1.289458	3.005475	0.999899	
T	0.957139	0.389224	0.103839	0.943603	0.071678	1.002814	0.312062	0.111409	1.671981	0.544544	0.510156	1.087722	0.777867	
V	1.647604	1.305956	0.140485	1.791372	5.163618	2.027471	1.688766	0.000076	3.560861	2.754144	3.218637	1.940699	2.158419	
W	0.823953	0.035416	0.036828	1.008028	0.161373	0.200208	0.044467	0.022328	0.863338	1.485219	1.090892	0.446451	0.599768	
Y	0.734789	0.166817	0.036863	0.795594	3.155622	0.313894	0.022490	0.000055	0.518416	0.856542	1.000300	0.624353	0.711096	
