#Q9BRR9
A	0.947582	1.143001	0.030923	1.961931	1.124975	0.240813	2.301714	1.066037	0.151869	1.071507	0.518719	0.750049	1.282773	0.263158	
C	0.947582	0.892132	0.021798	0.015352	0.002174	0.001550	0.002089	0.000851	0.002831	0.004329	0.032316	0.039573	0.054037	0.110218	
D	1.083506	1.036329	0.021805	0.015359	0.845129	0.001566	0.143915	0.000892	0.002887	0.555814	0.032557	0.039573	0.054037	0.527927	
E	0.947582	0.910398	0.163548	0.015354	0.303111	0.001550	0.555780	0.001996	0.002836	0.279275	0.065298	0.181581	0.195298	0.960590	
F	0.953294	0.995721	0.021837	0.958968	6.227832	1.452055	0.893951	0.000856	0.002832	0.156647	7.479168	0.181447	0.721834	1.164349	
G	1.013120	1.206917	0.841285	0.015722	0.537419	0.400916	0.427812	0.000864	0.002836	0.800675	0.166148	1.196041	0.054073	0.675198	
H	0.947582	0.892139	0.157837	0.298885	0.994498	0.001612	0.426345	0.000851	0.002831	0.296594	0.032318	0.148500	0.195860	0.677142	
I	0.947582	0.892132	0.298747	0.016230	0.002197	0.140599	0.244711	0.000851	0.002847	0.284129	1.444032	1.280132	0.327103	5.765807	
K	0.947582	0.935901	0.021798	0.157577	0.002174	0.001815	0.100133	0.000852	0.002831	0.423751	0.174654	0.748097	0.054400	0.110218	
L	0.950402	1.028428	0.872357	2.486033	4.602376	11.493544	4.839750	1.960647	0.154932	1.489140	3.415836	0.865677	2.598208	2.935610	
M	1.084027	0.892132	0.021798	0.168750	0.275517	2.017150	0.394736	0.000851	0.144253	0.282924	0.177451	1.456561	0.054057	1.385247	
N	0.947590	0.893914	0.021798	0.715630	0.431122	0.001550	0.119240	0.000851	0.002839	0.828749	0.033651	0.320126	0.195879	0.142747	
P	1.132078	0.892803	0.568999	5.813753	0.514159	0.835595	2.564614	15.827255	16.415003	2.597774	0.034085	0.994157	11.768210	0.987721	
Q	0.947582	1.026533	0.021798	0.015352	0.143753	0.143392	0.143985	0.000855	0.286915	0.717383	0.173880	0.181160	0.054282	0.532236	
R	1.183697	1.037473	2.983428	0.732340	0.273364	0.001555	0.690163	0.599975	1.812892	0.005194	0.587381	5.705307	0.479531	0.110244	
S	1.082002	1.162126	0.442957	4.335957	1.844214	0.755381	0.424797	0.381851	0.701506	6.653835	2.033782	2.025082	0.462212	0.257099	
T	0.948725	1.028576	0.021798	1.006655	0.390027	0.001551	0.423564	0.000851	0.002890	1.658472	0.032465	2.239281	1.009590	0.960109	
V	1.089063	1.032761	0.163498	0.266976	0.729840	1.237410	5.156822	0.151109	0.298505	0.408553	0.628937	0.577135	0.178749	2.053745	
W	0.950622	1.205532	13.137410	0.709492	0.002998	0.433438	0.143791	0.000854	0.002832	1.058029	2.266945	0.890057	0.054060	0.110848	
Y	0.948796	0.895053	0.164583	0.293684	0.753121	0.836957	0.002089	0.000853	0.002832	0.427226	0.670379	0.180467	0.205807	0.269787	
