#A1A4S6
A	0.866689	1.019485	3.056604	0.753524	3.177512	0.084098	1.757709	3.098728	0.172071	1.670789	0.264592	1.539133	1.806745	1.146048	
C	0.699520	0.273229	0.047382	0.000451	0.001358	0.000416	0.000600	0.005566	0.004707	0.005640	0.013739	0.034850	0.302056	0.728317	
D	0.783098	0.356731	0.130986	0.000451	0.663895	0.000416	0.000600	0.423587	0.004707	0.507122	0.264567	1.205199	0.887210	1.062656	
E	0.699520	0.607584	0.214851	0.000451	0.753745	0.000453	0.000600	0.507100	0.004707	0.351264	0.264569	0.620094	1.472127	1.062650	
F	0.866696	0.858408	1.217534	0.000451	0.335729	0.000416	0.084261	0.507079	0.004708	0.590822	3.609318	1.121666	0.564044	0.811903	
G	1.953237	3.627038	1.885875	0.335195	0.837340	0.084105	0.000611	0.424833	0.924891	0.339981	0.348218	0.535887	0.886920	0.979074	
H	0.699520	0.273229	0.047392	0.167811	0.001358	0.000416	0.167947	0.506874	0.255736	0.674110	0.431824	0.369155	0.302056	0.811903	
I	0.866685	0.523964	1.134232	0.335193	1.015283	0.000421	0.000600	0.841558	0.004707	0.758032	1.679861	2.375366	1.054187	1.146172	
K	0.699530	0.356329	0.047382	0.000451	0.001358	17.063239	0.084236	0.183571	0.004707	0.005644	0.013739	0.285621	0.469241	0.811903	
L	2.620668	2.529503	3.139436	0.418848	1.995500	0.001408	0.752456	3.001743	0.672901	4.603159	5.519872	3.713285	2.225326	1.565059	
M	1.028049	1.026792	0.631508	0.251505	0.669988	0.334604	0.084274	2.262483	0.255715	0.758423	0.933199	0.619778	0.552789	1.062652	
N	0.699520	0.273229	0.214622	0.000451	0.253003	0.418474	0.084272	0.089168	0.004714	0.423232	0.013739	0.034850	0.469243	0.811895	
P	0.781980	1.108789	1.128394	16.906823	1.505765	0.336354	15.136421	2.429975	0.573477	0.673963	0.013771	0.274535	0.385650	1.062544	
Q	0.783107	0.356827	0.130986	0.000458	0.503014	0.418857	0.251351	1.175887	0.004707	0.088849	0.264101	0.202889	0.719992	0.728317	
R	0.783181	0.858213	1.218406	0.084132	1.004676	0.741030	0.502562	0.256377	16.153026	0.925188	0.097357	0.452831	0.469232	0.728317	
S	1.284579	1.348346	1.301449	0.323759	1.589809	0.000428	0.502338	0.758319	0.004710	1.928283	0.264365	0.530242	0.803975	1.062608	
T	1.033869	0.356889	0.632573	0.000451	0.837459	0.513581	0.502436	0.674396	0.852011	1.427777	0.180944	0.619859	0.635916	0.728687	
V	0.950245	2.195612	2.805651	0.167823	4.766564	0.000423	0.085526	2.095454	0.004707	2.178785	1.267721	2.626360	1.639368	1.981915	
W	1.200717	0.857055	0.381805	0.251320	0.084916	0.000445	0.000600	0.089171	0.088387	1.091231	3.035916	2.039988	2.965388	0.895476	
Y	0.699592	1.192748	0.632934	0.000451	0.001728	0.000416	0.000600	0.668132	0.004707	0.997707	1.518587	0.798413	1.388536	0.811903	
