#O43150
A	1.300638	2.145126	0.678714	1.946522	0.000929	0.375786	2.354514	0.000030	2.076978	1.927671	1.383397	1.331197	1.345552	0.988808	
C	0.532126	0.280002	0.002031	0.002064	0.000916	0.000028	0.000261	0.000030	0.004787	0.018180	0.080646	0.235070	0.468220	0.720338	
D	0.657223	0.351503	0.019906	0.293503	0.000918	0.000028	0.089505	0.000030	0.092173	0.071591	0.205685	0.536692	0.752377	0.899033	
E	0.692993	0.494354	0.002031	0.662192	0.020494	0.000028	0.159866	0.000030	0.201452	0.077604	0.152154	0.827117	0.646916	0.827536	
F	0.782156	0.753889	0.272062	0.216600	0.001065	0.000028	0.911665	0.000032	0.844882	1.718274	0.723942	0.789660	1.002228	0.888736	
G	1.887211	1.963081	0.419682	0.515675	0.000917	0.000028	0.134231	0.039409	1.021811	0.840674	0.616465	0.969466	1.039865	1.077804	
H	0.621503	0.387164	0.127168	0.180308	0.000921	0.000046	0.106665	0.053535	0.469457	0.268420	0.354509	0.503126	0.628206	0.791831	
I	0.764476	1.013374	1.360719	1.359599	0.001035	0.035686	2.054367	0.000030	0.790110	0.858304	1.456726	1.193575	1.199576	1.269522	
K	0.749501	0.512072	0.359539	0.251868	19.398149	0.000028	0.018130	0.084725	0.022664	0.125340	0.257684	0.412136	0.539878	0.809708	
L	1.546975	2.013916	2.213231	2.038439	0.089079	0.109652	3.862863	0.124587	3.537149	4.447824	5.388584	3.004489	2.582957	1.842257	
M	0.959450	0.847723	1.183443	0.661125	0.036263	0.000028	0.855415	0.071380	1.559086	1.535862	1.053087	1.217822	1.147158	1.167431	
N	0.692703	0.476619	0.037792	0.216556	0.055191	0.000028	0.071767	0.000030	0.523104	0.232696	0.260401	0.556818	0.682277	0.952706	
P	0.943083	0.957822	6.883162	0.806941	0.001312	19.244822	1.985272	0.179715	0.270648	0.213358	0.293952	0.395780	0.629438	0.827589	
Q	0.799724	0.637394	0.270967	0.541969	0.054562	0.000028	0.143281	0.053675	0.400230	0.286310	0.509395	0.931707	0.736161	0.898508	
R	1.175848	0.909563	1.899270	0.877251	0.103470	0.089912	0.108067	19.251244	0.134806	0.113811	0.380382	0.594747	0.629542	0.773965	
S	1.514368	1.477417	0.182590	1.265021	0.000927	0.053827	0.607473	0.054258	2.006553	1.838939	0.935493	1.329805	1.200362	1.006337	
T	0.942288	0.761570	0.091388	0.788019	0.160576	0.054613	0.377125	0.000030	1.543367	0.948066	0.629149	0.873077	0.789958	0.827592	
V	1.766040	2.618758	3.795994	7.032645	0.053532	0.017466	5.559854	0.000031	2.112159	2.849192	3.601155	2.465967	2.387481	1.703635	
W	0.835708	0.709340	0.126801	0.109327	0.001118	0.000028	0.209650	0.069911	1.056118	0.680130	0.761541	0.844642	0.784864	0.845485	
Y	0.835986	0.689314	0.073511	0.234377	0.018626	0.017910	0.390027	0.017287	1.332466	0.947753	0.955654	0.987108	0.806985	0.881178	
