#Q9ULH1
A	1.353316	1.715318	1.345355	1.800297	0.004852	0.020858	2.320447	0.000010	1.970207	1.739447	1.253693	1.258842	1.166786	1.061031	
C	0.555521	0.346019	0.066722	0.058606	0.000689	0.000481	0.000065	0.000010	0.016273	0.035458	0.100970	0.251105	0.444560	0.654062	
D	0.698414	0.488701	0.066723	0.397363	0.000690	0.000630	0.126098	0.000011	0.154516	0.060450	0.243466	0.565652	0.793353	0.800797	
E	0.689671	0.597618	0.108427	0.700871	0.085131	0.004524	0.396049	0.000010	0.301597	0.190825	0.360868	0.780030	0.821019	0.859571	
F	0.815478	0.723280	0.452159	0.436302	0.000689	0.000481	0.780931	0.012537	0.828002	1.313775	0.765960	0.778772	0.964551	0.947476	
G	1.901744	2.092959	1.257767	0.920420	0.000704	0.001564	0.234558	0.028802	1.188669	1.010955	0.880145	1.062167	1.148557	1.079354	
H	0.685446	0.495898	0.179952	0.234747	0.000690	0.025485	0.138625	0.004572	0.306478	0.261967	0.352419	0.490240	0.603836	0.767312	
I	0.899702	0.933842	1.619481	1.184410	0.000689	0.000481	1.956775	0.000010	0.960522	1.353980	1.436325	1.060857	1.154217	1.149133	
K	0.715042	0.618769	0.359240	0.356912	19.634170	0.000870	0.054583	0.022262	0.063327	0.156650	0.343493	0.397862	0.587181	0.746379	
L	1.448137	1.812730	2.686898	2.214106	0.012656	0.046140	3.675156	0.160116	3.178555	4.556253	4.449095	2.937291	2.325718	2.010414	
M	0.875227	0.782426	1.083246	0.726116	0.017256	0.000481	0.994847	0.046912	1.353467	1.411201	1.061851	1.037239	1.084543	1.042863	
N	0.756978	0.501505	0.138078	0.335355	0.021341	0.008421	0.121908	0.000011	0.612928	0.232326	0.374217	0.611948	0.711524	0.855282	
P	0.890979	1.016889	2.946393	0.601897	0.005824	19.736873	1.323653	0.031894	0.217668	0.205739	0.246336	0.467405	0.599715	0.737758	
Q	0.786712	0.627569	0.366167	0.530295	0.025336	0.026342	0.381647	0.016563	0.465380	0.342458	0.659862	0.847979	0.789946	0.914030	
R	1.181237	1.243011	1.541588	0.944632	0.082461	0.041342	0.150776	19.591695	0.153847	0.328533	0.481102	0.587340	0.650005	0.771151	
S	1.376386	1.495835	0.365554	1.514765	0.000696	0.015443	0.890561	0.029686	2.049585	1.901896	1.045718	1.496849	1.204682	1.118184	
T	1.002492	0.846800	0.332562	0.925847	0.080428	0.066533	0.779181	0.004397	1.500175	0.788815	0.756323	0.864317	0.899546	0.880600	
V	1.680073	2.232825	4.342162	5.398841	0.024174	0.002087	5.212414	0.000010	2.499815	2.785664	3.685335	2.876775	2.426945	1.836098	
W	0.813099	0.652191	0.414763	0.336297	0.000825	0.000482	0.155488	0.033811	0.893166	0.502217	0.520470	0.670199	0.771465	0.846363	
Y	0.874345	0.775814	0.326762	0.381922	0.000699	0.000482	0.306239	0.016680	1.285821	0.821391	0.982351	0.957132	0.851852	0.922142	
