#Q6UXY1
A	1.130283	1.052125	1.286932	1.756437	2.695015	3.662892	0.004012	4.183844	0.529190	1.052259	9.419973	1.129133	1.443396	0.478632	1.286575	0.817700	
C	0.609070	0.530902	0.243687	0.191479	0.087312	0.008084	0.004012	0.008187	0.005993	0.008580	0.006426	0.086504	0.400759	0.478632	0.765581	0.817700	
D	0.609070	0.530902	0.243687	0.191479	2.695192	0.008084	0.004012	1.052272	0.005993	1.052228	1.575334	0.608540	0.400759	0.478632	0.765581	1.858681	
E	0.609070	0.530902	0.243687	0.191479	0.087312	0.008084	0.004012	0.008189	0.005993	0.529909	0.006426	0.086504	1.962726	1.000066	0.765584	1.338620	
F	1.651557	0.530902	1.286934	1.755929	0.087312	1.052260	0.528252	0.008192	0.528301	0.008580	0.006426	1.652613	0.921895	1.000049	0.765581	0.817700	
G	0.609070	0.530902	1.808026	3.321380	1.651439	1.574372	0.004012	1.574264	0.005993	0.530416	1.573886	0.608540	0.400808	0.478998	2.327619	1.338635	
H	0.609070	0.530902	0.243687	0.191479	0.087312	0.529674	0.004012	1.574298	0.005993	0.008583	1.052365	1.130575	0.921895	0.478632	0.765581	0.817700	
I	0.609072	0.530903	0.765310	0.712956	1.130464	0.008084	0.004012	1.052272	0.005993	0.530408	0.006426	0.608540	1.443027	1.521488	1.807544	0.817700	
K	0.609070	0.530902	0.243687	0.191479	0.608885	0.008084	0.004012	0.008187	0.005993	0.008580	0.006426	0.086504	0.400759	0.478632	0.765581	0.817700	
L	1.130308	3.136993	0.765288	1.234743	0.608872	2.096471	0.004025	0.008187	2.621976	2.095915	3.144243	1.130577	1.443031	5.170056	1.286613	1.338626	
M	1.651554	1.573348	0.243687	0.713130	1.652029	0.530181	0.004012	0.008236	0.005993	1.051315	0.006426	0.608540	0.921895	1.000066	0.765581	0.817700	
N	0.609070	0.530902	0.243687	0.191479	0.087312	0.008084	0.004012	2.096322	0.005993	0.008580	0.006426	0.608540	0.921893	0.478632	0.765581	0.817700	
P	0.609070	2.094582	0.765270	4.364691	2.695148	4.184839	15.207026	2.096333	2.621979	3.661777	1.052368	7.917187	0.400762	0.478632	1.286573	0.817700	
Q	0.609070	0.530902	0.765310	0.191479	0.087312	0.008084	1.052462	0.008187	0.005993	1.052250	0.006426	0.608540	0.921895	1.000065	0.765581	1.338636	
R	0.609083	1.052125	1.286926	0.191479	0.087312	0.008084	1.052492	0.530228	0.529190	1.574087	0.006426	0.608512	0.921886	0.478632	1.286573	0.817703	
S	1.130291	0.530902	1.808545	0.713131	1.130462	1.574374	0.528255	2.096360	0.005993	2.617759	1.052365	0.608540	2.485229	1.000068	0.765581	1.338633	
T	0.609070	1.052123	0.243687	1.234748	0.608888	0.008084	0.004012	0.008187	0.005993	3.139363	0.006426	0.608540	1.443010	0.478632	0.765581	0.817700	
V	0.609070	2.094535	0.243687	1.234760	1.652015	1.052281	0.004014	0.530214	0.529190	1.052250	1.052336	1.130560	1.442858	2.042756	0.765946	0.818065	
W	1.130313	1.573348	4.938096	0.713131	1.129970	1.052261	1.575330	3.139485	9.946277	0.008580	0.006426	0.086504	0.400759	1.000065	0.765581	0.817700	
Y	4.257773	0.530903	2.330177	0.713131	1.130433	2.617634	0.004012	0.008555	2.621979	0.008582	0.006439	0.086504	0.400759	0.478632	0.765581	0.817700	
