#Q9UQB8
A	0.867211	1.105319	1.073272	2.332554	1.068710	2.158562	0.189001	0.183700	2.016589	0.000296	0.000417	1.000000	1.416694	0.812236	1.119051	
C	0.775632	0.555827	0.248957	0.317696	0.244186	0.143671	0.922107	0.091980	0.276482	0.000296	0.183827	1.091586	0.500882	0.720644	0.752740	
D	0.775632	0.738991	0.523729	0.500865	0.244186	0.601601	0.097362	0.000261	2.566097	0.000296	0.000417	0.450487	1.141951	0.537460	1.027473	
E	0.684053	0.738991	0.432138	0.500865	0.060958	1.059531	0.005724	0.091980	0.917574	0.275444	0.000417	1.000000	2.332507	0.903828	0.752740	
F	1.050368	0.738991	1.073272	0.867203	0.427413	0.693187	0.555554	0.000261	0.551235	0.000296	0.000417	0.450487	0.500882	0.537460	0.752740	
G	2.149314	2.295887	1.897588	1.508294	0.335800	0.876359	0.005724	0.183700	1.558666	0.367160	0.183827	0.450487	1.233532	1.178605	2.217986	
H	0.684053	0.555827	0.706910	0.592449	0.060958	0.510015	0.280639	0.091980	0.642820	0.000296	0.000417	0.450487	0.592464	0.629052	1.027473	
I	0.867211	0.830573	0.523729	0.592449	1.526780	1.059531	3.487981	0.000261	0.642820	0.000296	0.367237	0.725243	0.500882	0.720644	0.844318	
K	0.867211	1.013737	0.432138	0.500865	0.060958	0.326843	0.005724	0.000261	0.368066	0.000296	0.092122	0.908414	0.592464	0.537460	0.752740	
L	1.325105	0.738991	0.706910	1.508294	3.175829	1.059531	6.237131	0.000261	0.917574	0.275444	17.607748	2.831710	1.233532	5.391843	0.844318	
M	0.684053	1.013737	1.073272	0.317696	0.519027	0.601601	1.380299	0.000261	0.459651	0.000296	0.275532	1.457928	0.684045	1.728157	1.119051	
N	0.775632	0.464245	0.248957	0.867203	0.060958	1.059531	0.005724	0.000261	0.734405	0.000296	0.092122	0.450487	0.867207	0.720644	0.752740	
P	0.867211	1.837976	4.645305	0.684034	1.435166	1.334289	0.280639	18.710969	0.642820	0.183728	0.458941	0.267316	0.775626	0.629052	0.844318	
Q	0.592474	0.647409	0.706910	1.141956	0.152572	0.693187	0.097362	0.000261	0.459651	0.000296	0.000417	1.457928	1.233532	0.537460	0.844318	
R	1.599841	2.479051	1.073272	2.332554	0.427413	1.883805	0.005724	0.091980	0.825989	0.092012	0.092122	1.824270	0.867207	0.537460	0.935895	
S	1.233526	1.105319	0.981682	1.691463	0.519027	1.883805	0.005724	0.367138	2.199758	0.183728	0.183827	1.183171	1.508276	0.537460	1.668519	
T	0.958790	0.647409	0.523729	0.684034	0.427413	0.876359	0.097362	0.000261	0.825989	0.000296	0.092122	1.000000	0.684045	0.720644	0.844318	
V	1.691420	1.105319	1.164863	1.599878	4.550037	2.524906	5.595663	0.091980	0.825989	0.092012	0.367237	2.007441	1.966182	0.812236	1.210629	
W	0.775632	0.830573	0.981682	0.592449	0.335800	0.326843	0.097362	0.091980	1.467082	18.435207	0.000417	0.725243	0.592464	1.178605	0.844318	
Y	0.775632	0.555827	0.981682	0.867203	4.366809	0.326843	0.647192	0.000261	1.100743	0.092012	0.000417	0.267316	0.775626	0.629052	0.844318	
