#P56945
A	1.292368	2.085340	6.632087	0.240179	4.452213	0.000155	0.158098	3.131789	0.201592	1.805216	1.156469	1.096447	0.894145	1.031067	
C	0.714129	0.353467	0.020806	0.001745	0.000523	0.000137	0.000078	0.005012	0.003224	0.006811	0.032390	0.103101	0.284890	0.647151	
D	1.099419	0.583897	0.053014	0.001745	0.932080	0.000137	0.000115	0.425861	0.129228	0.359423	0.448214	0.359859	0.893728	0.968458	
E	0.810505	0.482079	0.341281	0.001757	1.444725	0.093802	0.000078	0.390600	0.035351	0.487811	0.738264	0.552475	0.766440	0.807791	
F	0.778383	0.738944	0.052830	0.033894	0.161204	0.000138	0.032229	0.872865	0.609670	1.033804	1.190411	1.360112	1.115066	0.950707	
G	1.355809	1.284979	4.223595	0.020030	0.564982	0.060652	0.000078	0.556482	0.130627	1.420363	0.930732	0.874209	1.313732	1.160874	
H	0.842634	0.514112	0.020818	0.098061	0.319967	0.031900	0.163204	0.326350	0.131728	0.324995	0.482265	0.806936	0.507830	0.743549	
I	0.938935	0.642344	0.951931	0.033874	0.847982	0.063713	0.000104	0.680386	0.515774	0.938729	0.992347	1.323691	1.438164	0.967412	
K	0.778352	0.514104	0.025445	0.001745	0.032727	17.606194	0.000078	0.115845	0.292472	0.135350	0.386036	0.552613	0.445447	0.775662	
L	1.934074	2.405610	1.236005	0.225634	2.180386	0.096142	0.311611	2.315047	9.197240	2.580532	3.655750	3.350876	2.004241	1.893439	
M	0.778480	0.767780	0.151624	0.033839	1.029568	0.223454	0.000078	1.001124	0.674436	0.839014	1.121209	0.763514	0.766658	1.064801	
N	0.874777	0.385600	0.020806	0.033815	0.352132	0.417934	0.032227	0.037136	0.033444	0.423940	0.321681	0.520265	0.541922	0.711416	
P	0.782640	0.675062	2.075141	18.809265	1.381672	0.031439	18.818425	1.997355	0.003641	1.324311	0.552519	0.418742	0.548312	0.774912	
Q	0.842659	1.216057	0.052828	0.033891	0.257600	0.255934	0.096641	0.229961	0.067504	0.649447	0.385713	0.599126	0.606199	0.839923	
R	1.029154	1.060574	0.207303	0.098138	0.417623	0.594314	0.193148	1.129594	4.940968	0.883572	0.610684	0.549756	0.699844	0.775618	
S	1.517280	1.509158	0.663380	0.101189	1.056325	0.038513	0.068412	1.870071	0.415965	1.406489	1.377261	1.126823	1.263159	1.160919	
T	0.874540	1.060351	0.432510	0.194635	0.674922	0.422711	0.125157	0.550407	0.100086	0.838026	0.735716	0.616903	0.863138	0.807800	
V	1.198859	1.953797	2.576452	0.001745	3.726715	0.062444	0.000080	2.242106	0.291867	2.795517	2.730908	2.217081	2.429709	2.083706	
W	0.746484	0.963594	0.113940	0.033064	0.102250	0.000138	0.000078	0.648796	0.454866	0.553052	1.155540	1.290742	1.175483	0.930747	
Y	0.810520	0.803151	0.148204	0.001756	0.064407	0.000148	0.000078	1.473213	1.770318	1.193597	0.995893	1.516731	1.441894	0.904048	
