#O00499
A	1.261614	1.553234	0.085280	4.087491	0.000853	0.000087	0.898590	0.690225	0.830439	1.761121	1.498784	1.033805	1.139781	0.920438	
C	0.719031	0.510893	0.012006	0.004254	0.000524	0.000083	0.001087	0.000673	0.024766	0.048510	0.082693	0.163940	0.282175	0.490355	
D	0.861529	0.708385	0.012774	0.185516	0.000524	0.063317	0.288622	0.000754	0.906947	0.626169	0.973702	0.625884	0.449837	0.782449	
E	0.919051	0.583412	0.013430	0.451305	0.000565	0.000083	0.072130	0.000902	0.338697	1.115282	1.069747	1.171536	0.685520	1.198395	
F	0.916217	0.813358	0.144685	0.527180	0.063945	0.000083	0.282239	0.966458	1.104793	0.647748	0.757318	1.174006	0.561826	0.980588	
G	2.053927	2.331152	0.138313	0.009323	0.071495	0.000128	0.298001	0.001246	1.041968	2.274794	0.879141	0.867229	1.068803	0.973856	
H	0.719031	0.701718	0.142887	0.260714	0.000527	0.000083	0.814132	0.000689	0.602922	0.758448	0.518085	0.367378	0.789137	0.737194	
I	0.719032	0.829741	0.197470	0.339442	0.254036	0.127899	2.419379	0.780577	0.655061	0.645117	1.358962	1.324948	1.362634	1.139125	
K	0.845751	0.764475	0.074745	0.135962	0.001066	0.000083	0.254272	0.000673	0.152418	0.414775	0.212106	0.255241	0.535901	0.554076	
L	1.189262	0.756786	0.032957	1.310396	7.641378	0.000092	1.259425	0.075797	1.137943	1.719728	2.697488	3.714522	3.119626	1.610386	
M	0.933294	0.757275	0.012841	0.709887	0.279007	0.000083	0.730901	0.082010	0.710270	0.671981	0.919704	1.239723	1.062144	1.242064	
N	0.758428	0.790560	0.012025	0.068450	0.000524	0.000083	0.443020	0.001505	0.745427	0.608127	0.334031	0.562599	0.376712	0.812631	
P	0.962389	1.149717	0.147269	7.609704	0.233982	19.550716	0.737438	10.944692	4.093187	0.203333	0.277684	0.314056	0.671156	0.561629	
Q	0.903675	0.697816	0.012431	0.196575	0.000524	0.064882	0.557786	0.000673	0.413263	0.776939	0.404287	0.670823	0.570595	0.909249	
R	1.119218	1.164053	18.557919	0.931993	0.000526	0.064247	0.648234	0.001835	0.746804	0.667115	0.618817	0.363115	0.353108	0.755660	
S	1.167316	1.662938	0.070091	0.441412	0.000618	0.000084	1.006153	0.236197	1.930306	2.592166	1.919398	1.192329	1.629576	1.313445	
T	0.725995	1.291532	0.012264	0.251831	0.000701	0.063523	0.873793	0.337065	0.606900	0.812069	0.782292	0.792531	0.577859	0.803584	
V	1.457995	1.199783	0.155599	0.996321	11.373493	0.063990	3.030021	1.372505	1.749776	2.230254	1.855606	2.031660	2.729574	1.808933	
W	0.811570	0.855880	0.152162	0.623347	0.075187	0.000083	4.509880	1.580841	1.355017	0.673043	1.353343	1.161404	0.988831	1.107374	
Y	0.955675	0.877293	0.012854	0.858899	0.000525	0.000372	0.874898	2.924684	0.853098	0.753282	1.486813	0.973270	1.045205	1.298569	
