#P51451
A	1.109262	0.719961	1.471722	1.268240	0.099863	3.831901	0.087666	0.072445	2.686711	0.855740	0.278890	1.241933	1.318445	
C	0.647809	0.424104	0.298000	0.146790	0.008635	0.005439	0.000646	0.001409	0.002216	0.004878	0.043735	0.170160	0.352530	
D	0.978960	0.493381	0.556295	0.751654	0.042291	0.473929	0.015378	0.001425	0.999455	0.022238	0.233594	0.877810	1.201059	
E	0.820793	0.567776	0.886929	0.493147	0.025258	0.941150	0.000646	0.001409	0.898078	0.092611	0.147526	0.991182	1.349657	
F	1.043172	1.600798	1.202344	1.634247	0.167499	0.042236	0.158581	0.001409	0.349901	0.442477	0.199296	0.853475	1.139075	
G	1.723233	1.141764	1.224700	2.616781	0.925405	0.665486	0.000648	0.058806	0.681274	0.195954	0.524990	1.933869	1.163333	
H	0.735216	0.579926	0.576688	0.566721	0.091261	0.195190	0.047184	0.070510	0.124587	0.074133	0.251672	0.679063	0.680562	
I	0.751759	0.803028	0.695009	0.440487	0.147234	0.195816	0.036758	0.001410	0.745600	5.721741	0.235270	0.860135	0.897348	
K	0.667545	0.476040	0.453212	0.326010	0.077523	0.383270	0.000646	0.001409	0.262172	0.022171	0.078302	0.268769	0.401709	
L	1.306912	1.912298	2.157761	1.442681	0.151460	1.103126	18.713971	0.146846	2.097678	4.789275	0.562301	1.801614	1.930699	
M	0.821029	1.491349	0.798833	0.734966	0.148902	0.438148	0.052895	0.001409	1.028256	0.143306	0.130095	0.672000	0.870490	
N	0.884117	0.874457	0.540071	0.900774	0.033853	0.144343	0.000647	0.001409	0.451768	0.004879	0.169936	0.760774	0.683328	
P	0.892826	0.864384	1.164022	0.371670	0.350852	6.267972	0.268340	19.406981	1.556506	1.716829	15.232032	0.293970	0.615252	
Q	0.729524	0.544905	0.564201	0.631460	0.060038	0.455158	0.073812	0.001423	0.646568	0.042112	0.235779	0.565503	0.854381	
R	0.857145	0.801527	1.146280	0.832296	15.708500	1.117946	0.155622	0.087011	0.850667	0.212278	0.161205	0.479942	0.586847	
S	1.092367	0.909439	1.389451	2.024728	0.093104	1.702366	0.190714	0.138888	2.835627	0.144186	0.599204	1.768728	1.520130	
T	0.838483	0.614680	1.171658	0.945391	0.146644	0.742728	0.000647	0.001411	1.066076	0.561534	0.248812	1.202361	0.889114	
V	1.253765	1.175732	1.523537	1.225226	0.129863	1.109729	0.166709	0.001565	2.436738	4.688876	0.373258	2.486066	1.417643	
W	1.782652	1.841275	1.138113	1.464057	1.273367	0.072674	0.027843	0.001415	0.079084	0.143199	0.163712	1.196376	0.907499	
Y	1.063432	2.163175	1.041174	1.182673	0.318446	0.111392	0.000646	0.001409	0.201040	0.121585	0.130391	0.896271	1.220900	
