#Q06187
A	1.166901	2.298083	1.282247	0.170083	4.556401	3.276880	0.622579	4.304202	0.309368	0.249145	1.101072	1.014059	1.243027	
C	0.338404	0.237564	0.122483	0.009044	0.005486	0.001413	0.001197	0.001399	0.004571	0.004261	0.142958	0.300398	0.662374	
D	0.379839	0.403265	0.785484	0.050510	0.712307	0.001747	0.001204	1.254888	0.004571	0.004261	1.026901	0.880468	0.910995	
E	0.338404	0.444594	0.616411	0.009044	0.792614	0.415854	0.001237	1.358849	0.170383	0.004261	0.945177	1.212027	0.993725	
F	0.545601	0.817669	1.177120	0.078064	0.129807	0.980694	0.513555	0.208615	0.418836	0.004261	1.589988	1.087349	0.910996	
G	1.001431	2.350918	1.942105	0.050475	2.769522	1.823095	0.085850	0.581194	0.087297	0.294366	2.027966	1.625826	1.242363	
H	0.338404	0.320442	0.495306	0.144737	0.088410	0.042852	0.128052	0.374190	0.004944	0.004261	0.557035	0.714626	0.745183	
I	2.242851	0.361928	0.622893	0.009341	0.088308	0.252563	2.545508	0.209129	3.735353	0.046061	1.013253	1.159467	1.282221	
K	0.375921	0.513765	0.370990	0.091695	0.335829	0.218011	0.001209	0.498719	0.004571	0.004300	0.350151	0.341835	0.662374	
L	2.658004	1.728020	1.658585	0.042485	1.455874	3.435673	9.907552	0.996002	9.570455	0.093006	1.591223	2.035487	1.615998	
M	1.167175	0.776219	0.818476	0.009053	0.461634	1.534573	2.155692	0.746722	0.128931	0.087189	0.806986	1.129046	0.952434	
N	0.710371	0.486137	1.116833	0.009044	0.171115	0.001522	0.001199	0.167168	0.004571	0.004261	0.930200	0.548793	0.950970	
P	0.794054	0.818512	0.578302	0.174966	3.989266	1.987820	2.465957	4.174839	0.295045	18.672917	0.476819	0.672629	0.965396	
Q	0.421261	0.486198	0.578302	0.009044	0.295587	0.291519	0.082864	0.668055	0.004571	0.045727	0.308445	0.714376	0.828121	
R	0.813519	2.142876	0.747823	18.484135	0.378407	0.754344	0.003680	0.987869	0.375842	0.045727	0.515797	0.588104	0.786238	
S	0.797138	1.849399	2.304495	0.083082	1.320746	0.455222	0.166385	2.551147	0.046024	0.128659	2.048139	1.333748	0.996309	
T	0.503750	0.857200	1.034016	0.009059	1.036231	0.457275	0.001197	0.208617	0.419103	0.128659	0.981529	0.797901	0.813961	
V	3.362867	1.314262	1.434310	0.010449	0.996032	0.762961	0.707503	0.498379	4.199200	0.045727	2.055828	1.543426	1.573362	
W	0.963184	0.892348	1.000724	0.464141	0.088482	2.612765	0.098051	0.084286	0.128888	0.087536	0.932176	1.004766	0.869573	
Y	1.080918	0.900602	1.313096	0.091548	0.327943	0.693219	0.509526	0.125729	0.087477	0.045419	0.598355	1.295668	0.994381	
