#O95153
A	1.025242	1.254530	1.969800	0.347581	2.276900	0.084481	0.126414	2.567297	0.002261	1.092560	0.938994	1.391261	1.111488	
C	0.562468	0.286894	0.076482	0.010849	0.004986	0.000295	0.000112	0.000716	0.002261	0.040740	0.097538	0.255342	0.438354	
D	0.899031	0.539321	0.118555	0.052940	0.678146	0.126573	0.000112	0.463543	0.002261	0.251104	0.181684	0.507768	0.732850	
E	0.814890	0.833819	0.286850	0.010849	1.225088	0.042388	0.042213	0.884293	0.170655	0.755978	0.392048	0.423626	0.774921	
F	0.814890	1.002104	0.917956	0.095032	0.341566	0.000295	0.084313	0.589768	0.002261	0.629759	1.149359	0.928479	1.027346	
G	1.698368	2.390452	2.600906	0.473856	1.225088	0.042388	0.252715	0.673918	0.002261	1.092560	1.738378	1.265048	1.027346	
H	0.604539	0.665534	0.244776	0.179215	0.299493	0.000295	0.084313	0.295242	0.002261	0.798050	0.728630	0.676053	0.774921	
I	0.983172	1.044175	1.044177	0.179215	0.636073	2.020752	0.000112	1.262969	0.044359	1.050487	0.602412	0.970550	1.027346	
K	0.688679	0.371036	0.413071	0.137123	0.636073	0.042388	0.084313	0.253167	17.389027	0.335249	0.518266	0.802266	0.564567	
L	1.277664	1.717313	1.801505	0.768497	2.066537	14.353956	0.168514	2.819748	0.128557	2.985837	2.411543	1.854043	1.910833	
M	0.730750	0.707606	0.497219	0.221306	0.720218	0.421223	0.042213	0.715993	0.002261	1.429143	0.686557	0.676053	0.943204	
N	0.941101	0.791748	0.286850	0.052940	0.425711	0.000295	0.000112	0.295242	0.086458	0.671832	0.392048	0.760195	0.732850	
P	1.067313	0.665534	1.002104	15.121712	1.772030	0.210759	18.734856	1.220894	0.002261	0.166958	0.139611	0.591910	0.606638	
Q	0.814890	0.665534	0.455145	0.221306	0.594001	0.042388	0.000112	0.842218	0.044359	1.008415	0.518266	1.012621	0.732850	
R	1.572157	1.338673	2.138095	0.263398	1.351305	0.042388	0.042213	0.211092	1.938801	0.587686	1.275577	1.685759	1.237700	
S	1.277664	1.464886	1.338694	0.137123	1.856175	0.042388	0.294816	1.220894	0.128557	1.471216	2.663980	1.643688	1.195629	
T	0.983172	0.917961	0.707588	0.179215	1.225088	0.126573	0.000112	0.673918	0.002261	1.555361	1.023140	0.760195	0.732850	
V	1.445946	1.506957	2.979569	1.357778	1.772030	2.357494	0.042213	4.418602	0.044359	2.733400	1.191431	1.811972	1.363913	
W	1.025242	0.791748	0.497219	0.095032	0.341566	0.042388	0.000112	0.126942	0.002261	0.629759	1.401795	0.760195	0.774921	
Y	0.772820	1.044175	0.623440	0.095032	0.551928	0.000295	0.000112	0.463543	0.002261	0.713905	1.948742	1.222977	2.289471	
