#O95153
A	0.879077	0.746054	0.733956	1.465613	0.951607	0.121447	1.090723	0.000365	0.000254	1.096773	0.854810	0.951609	0.969768	1.102791	1.356742	
C	0.758154	0.625128	0.492098	0.256229	0.104738	0.000267	0.002052	0.000365	0.000254	0.008076	0.007867	0.104758	0.244193	0.377210	0.510236	
D	1.000000	0.746054	0.613027	0.256229	0.104738	0.000267	0.002052	0.000365	0.000254	0.733874	0.249851	0.225736	0.848839	0.860930	0.631166	
E	0.758154	0.746054	0.492098	0.619044	0.225719	0.000267	0.123015	0.121532	0.000254	0.491942	0.128859	0.588672	0.606981	0.981860	0.752095	
F	1.120923	0.866981	0.733956	0.860921	0.346701	0.000267	1.695540	0.121532	0.000254	0.250009	0.491834	0.467694	1.090697	0.619070	0.631166	
G	1.846461	2.318099	1.822318	2.674996	2.645346	0.242627	0.123015	0.121532	0.363798	0.612908	0.249851	0.830630	1.453484	0.981860	1.235812	
H	0.758154	0.866981	0.613027	0.377167	0.709645	0.000267	0.123015	0.000365	0.000254	0.008076	0.007867	0.104758	1.211626	0.740000	0.873024	
I	0.879077	0.746054	1.096743	1.102798	0.588663	0.000267	1.574576	0.121532	0.000254	1.459672	1.943736	0.709651	1.090697	1.465581	1.114883	
K	0.879077	0.746054	1.217672	0.619044	1.798477	0.121447	0.848796	0.000365	0.000254	0.491942	0.128859	0.467694	0.486051	0.498140	0.631166	
L	1.725538	1.471613	0.975814	1.223736	0.467682	0.121447	2.542284	18.660227	0.000254	1.580638	6.299442	2.040417	2.299988	2.070231	1.719530	
M	1.000000	0.866981	1.217672	0.860921	0.225719	0.000267	1.816503	0.363868	0.000254	0.854840	0.370842	0.467694	0.848839	0.740000	0.873024	
N	1.000000	0.746054	0.854885	0.498106	0.104738	0.000267	0.123015	0.000365	0.000254	0.491942	0.249851	0.225736	0.969768	0.981860	0.752095	
P	0.879077	0.866981	0.733956	0.619044	0.588663	0.121447	0.002052	0.000365	19.146908	0.250009	1.217785	7.121521	0.365122	0.498140	0.510236	
Q	0.758154	0.746054	0.613027	0.377167	0.346701	0.000267	0.243979	0.000365	0.000254	0.612908	0.128859	0.104758	0.727910	0.498140	1.235812	
R	0.879077	1.350687	2.547892	1.465613	6.758713	19.146668	1.937467	0.121532	0.121435	0.491942	1.096793	0.467694	0.969768	0.740000	0.631166	
S	1.483692	1.834393	1.217672	2.070304	1.193570	0.121447	2.179394	0.121532	0.242617	2.911267	1.459769	1.556502	1.695342	1.102791	0.873024	
T	0.758154	1.108834	0.975814	0.860921	0.830626	0.000267	1.574576	0.000365	0.121435	1.822571	0.612826	0.830630	0.848839	0.740000	0.752095	
V	0.879077	1.229760	1.580460	2.312181	1.435533	0.000267	2.542284	0.242700	0.000254	4.967694	3.879606	1.193566	1.574413	2.191161	2.686964	
W	1.000000	0.625128	0.733956	0.739983	0.225719	0.000267	0.364942	0.000365	0.000254	0.129043	0.370842	0.346715	0.848839	0.981860	0.752095	
Y	0.758154	0.746054	0.733956	0.739983	0.346701	0.000267	1.090723	0.000365	0.000254	0.733874	0.249851	1.193566	0.848839	1.828371	1.477671	
