#O95153
A	1.152201	1.102019	1.093582	1.493796	0.015829	0.771577	0.040249	0.048726	2.680869	0.580161	0.594983	0.958888	0.817212	1.137932	
C	0.624083	0.343532	0.135136	0.053583	0.013336	0.010831	0.000050	0.000033	0.000678	0.000453	0.068777	0.174516	0.376695	0.657206	
D	0.662660	0.343532	0.135136	0.053618	0.013336	0.010831	0.000050	0.000033	0.652980	0.000481	0.510610	0.845315	0.856975	0.898176	
E	0.624083	0.503869	0.135136	0.053583	0.013336	0.372119	0.000050	0.000033	0.924291	0.037538	0.470234	0.979065	0.819547	0.857599	
F	0.945077	0.503570	0.558933	0.170763	0.013336	0.171527	0.000052	0.000033	0.477450	0.321852	0.428932	1.161180	1.338881	1.014601	
G	1.933757	1.858118	1.652049	2.579995	0.057584	0.010833	0.000388	0.000033	0.363091	0.156856	0.911687	1.823485	1.003729	1.093568	
H	0.664242	0.383295	0.137295	0.053583	0.013336	0.010831	0.080447	0.040222	0.120074	0.000453	0.068784	0.618739	0.766677	0.657206	
I	0.904977	0.504218	1.739442	0.646400	0.013337	1.089428	0.000064	0.000033	0.851862	4.885319	0.670177	1.037297	1.461269	1.470689	
K	0.744305	1.186614	0.815854	1.217840	0.013336	1.014614	0.000050	0.000033	0.121198	0.041607	0.149119	0.412463	0.387065	0.699735	
L	1.104901	1.065465	1.782234	0.354032	0.015546	2.627487	19.510665	0.000033	1.671523	5.425039	1.152653	2.339455	2.023633	1.604803	
M	0.824897	0.624647	0.652736	0.173816	0.013336	1.663628	0.080473	0.000033	1.687784	0.121184	0.751598	1.370455	1.098186	1.153922	
N	0.900206	0.423706	0.295349	0.374501	0.049209	0.091099	0.000050	0.000033	0.443228	0.039884	0.149131	0.616320	0.701748	0.737524	
P	0.904637	0.664690	0.494658	0.693270	0.013602	0.014738	0.145427	19.719754	0.474434	1.002780	9.082336	0.406085	0.497012	0.737543	
Q	0.744451	0.497505	0.331348	0.454561	0.052893	1.373279	0.000050	0.000033	0.763794	0.040636	0.591034	0.675979	0.616594	0.737304	
R	1.265073	5.267416	2.472862	5.772852	19.621972	2.078077	0.000136	0.119179	0.359155	0.078016	0.192398	0.254550	0.692497	0.698300	
S	1.266012	1.265166	1.058128	2.060141	0.013336	2.218879	0.062077	0.071618	2.733036	0.037694	1.086512	1.457202	1.411451	1.170823	
T	1.297342	0.951658	1.258623	0.822324	0.013336	2.420907	0.079524	0.000034	1.366544	0.464084	0.551416	0.690258	0.599244	0.902493	
V	1.788711	1.427637	4.592114	2.663329	0.013336	3.158512	0.000068	0.000034	3.947021	6.562412	2.070507	2.629960	2.403059	1.861088	
W	0.824498	0.579679	0.256167	0.093831	0.013337	0.282124	0.000050	0.000034	0.040747	0.120370	0.269652	0.730569	0.942602	0.938870	
Y	0.823888	0.503660	0.403219	0.214184	0.013336	0.608682	0.000076	0.000033	0.320242	0.083181	0.229459	0.818219	1.185922	0.970620	
