#Q9Y5K6
A	1.260746	1.378193	1.295868	0.047338	0.318746	9.521631	4.827736	2.583825	0.010654	2.235503	0.813121	1.175078	1.207541	0.911676	
C	0.666698	0.415218	0.139332	0.006965	0.003415	0.000575	0.000140	0.000136	0.000006	0.002469	0.024367	0.112239	0.333470	0.584952	
D	0.840499	0.649973	0.173905	0.007081	0.003479	0.000601	0.026220	0.159002	0.000018	0.428372	0.117993	0.591607	0.724456	0.951093	
E	0.795776	0.622699	0.254978	0.007716	0.115511	0.001337	0.017476	0.748662	0.000008	0.398481	0.143761	0.486074	0.667351	0.813683	
F	0.782487	0.921593	1.176408	0.007387	0.454996	0.000584	0.625417	0.136774	0.000164	1.151260	2.373938	1.007534	1.038526	1.042585	
G	1.912896	1.946889	3.138556	0.011957	0.024307	0.000810	0.427294	0.348764	0.048567	1.533182	1.334839	1.026656	1.549575	1.043099	
H	0.762315	0.537010	0.451304	0.033481	0.124891	0.000609	0.130362	0.225589	0.010125	0.272082	0.276169	0.350528	0.578053	0.695430	
I	0.778984	0.629111	0.532524	0.033363	2.379074	0.120722	0.417736	1.024570	0.000006	0.737941	1.708029	1.119767	1.115421	1.026120	
K	0.858155	0.731564	0.888009	0.007582	0.414625	0.031038	0.645332	0.155511	0.000018	0.079352	0.170539	0.356087	0.439022	0.636160	
L	1.209303	1.364084	1.663123	0.101375	1.289929	0.000845	1.664307	2.293758	0.019497	2.398281	4.184854	3.176774	2.696764	2.132587	
M	0.795641	0.720242	0.500851	0.039363	0.553819	0.000583	1.672261	0.907242	0.027672	0.899908	1.196669	0.966669	0.968947	1.002532	
N	0.855760	0.682956	0.311621	0.006966	0.116023	0.000575	0.087431	0.069913	0.000032	0.515889	0.378540	0.506333	0.678516	0.853135	
P	0.910724	0.693152	0.572078	17.539792	0.054463	9.613694	0.556686	5.097455	0.078283	0.075453	0.261069	0.401976	0.566694	0.747587	
Q	0.761914	0.693174	0.511593	0.018352	0.764321	0.000580	0.375147	0.547723	0.017407	0.782192	0.372469	0.519901	0.726444	0.825455	
R	1.584438	1.644154	2.708877	1.992266	1.215610	0.101689	1.449982	0.149086	19.730125	0.131197	0.478092	0.397480	0.434027	0.679831	
S	1.360001	1.469410	1.535545	0.018503	0.555679	0.059319	1.713922	0.983995	0.009028	2.032949	1.257331	1.176276	1.374096	1.115031	
T	1.012500	1.094042	0.894229	0.026384	1.299909	0.009483	1.371896	0.914425	0.018114	1.714968	0.626853	0.694678	0.867798	0.896890	
V	1.304585	1.491655	1.648483	0.075219	9.970793	0.514142	3.625747	3.305421	0.020024	2.241782	2.585165	2.988233	2.391485	2.227015	
W	0.795365	1.295549	0.680645	0.010441	0.093458	0.000682	0.156925	0.169303	0.010245	0.975638	0.946804	1.419662	0.762389	0.840472	
Y	0.751213	1.019333	0.922072	0.008468	0.246951	0.020501	0.207984	0.178846	0.000006	1.393101	0.749397	1.526448	0.879425	0.974665	
