#Q9Y5K6
A	1.303945	2.308018	0.122099	0.890290	8.318024	4.437012	2.073695	0.000746	1.340515	0.890368	0.909479	1.121871	1.136498	
C	0.480677	0.123420	0.013931	0.012204	0.000793	0.000891	0.000865	0.000694	0.001579	0.009804	0.061250	0.271535	0.519591	
D	0.713876	0.150753	0.013966	0.067133	0.000793	0.042006	0.040281	0.000694	0.042713	0.050695	0.294541	0.492725	0.858795	
E	0.779060	0.219147	0.013931	0.190489	0.000795	0.014617	0.412584	0.000697	0.166236	0.050836	0.254177	0.490767	0.792202	
F	0.835697	0.878356	0.027654	0.477991	0.000793	1.425735	0.110609	0.014260	0.463325	1.489769	1.721315	0.916642	1.165446	
G	2.016509	2.594716	0.027656	0.051226	0.027161	1.030049	0.362195	0.001152	0.727901	1.176385	0.860743	1.250346	1.065208	
H	0.686533	0.451057	0.013931	0.149442	0.000808	0.206906	0.068953	0.000697	0.330933	0.257927	0.220703	0.462771	0.615582	
I	0.644458	0.658078	0.082562	2.052319	0.151755	0.301747	0.933536	0.028128	0.549039	1.901581	1.020539	1.051325	1.000488	
K	0.755043	0.818834	0.013931	0.533239	0.000799	0.659627	0.110768	0.028149	0.070161	0.105680	0.211508	0.422351	0.643009	
L	1.161056	1.148539	0.097524	1.343390	0.258175	4.277137	1.861142	0.081807	2.856609	6.492552	4.992637	3.183310	2.273346	
M	0.974114	0.466323	0.067902	0.584470	0.000796	2.195317	0.549818	0.096686	1.060406	1.469638	1.143966	0.988505	1.107265	
N	0.809819	0.315293	0.013931	0.121904	0.000793	0.069995	0.042037	0.000724	0.495421	0.243052	0.390271	0.559093	0.779116	
P	0.727676	0.739778	18.951941	0.118659	9.186619	0.285415	7.123186	0.090175	0.070176	0.156208	0.223749	0.643600	0.725365	
Q	0.795877	0.315080	0.027769	0.724356	0.000793	0.138062	0.549823	0.028128	0.577838	0.187989	0.471908	0.557115	0.735593	
R	1.219641	2.994717	0.098969	1.536652	0.103193	0.751809	0.220047	19.509986	0.177335	0.170034	0.334212	0.612695	0.575347	
S	1.632787	1.512644	0.082313	0.548699	0.111019	1.043094	0.608218	0.079910	3.057902	1.219989	1.897499	1.218084	1.095453	
T	1.043124	0.877656	0.013969	1.663844	0.315991	0.417291	0.824299	0.021542	5.229794	0.768509	0.705697	0.696968	0.875702	
V	1.485680	2.467788	0.288147	8.744787	1.505976	1.773534	4.037449	0.000734	1.639493	2.322854	2.379828	2.579149	1.859398	
W	1.083756	0.452322	0.013944	0.080616	0.014133	0.118895	0.042008	0.014396	0.235671	0.517189	0.637220	1.575319	1.191285	
Y	0.850673	0.507481	0.013931	0.108289	0.000793	0.810861	0.028488	0.000694	0.906954	0.518942	1.268758	0.905830	0.985313	
