#Q9Y5K6
A	1.130620	1.094965	6.824636	0.000094	4.455917	0.000126	0.063805	2.673821	0.067545	1.483603	1.082739	0.793198	1.015909	
C	0.685237	0.332085	0.013531	0.000094	0.001008	0.000126	0.000105	0.001118	0.003884	0.020123	0.064612	0.156906	0.315990	
D	0.876115	0.459343	0.013531	0.063794	0.955639	0.000126	0.000105	0.064754	0.067545	0.401900	0.446329	0.665945	0.952280	
E	0.812489	0.459343	0.013531	0.000094	1.779991	0.382282	0.000105	0.446524	0.003884	0.338271	0.255511	0.665945	0.634135	
F	0.812489	0.841116	0.140849	0.000094	0.064650	0.000126	0.000108	1.401106	2.486638	0.910935	1.146368	0.793179	0.570506	
G	1.766795	1.859178	2.305357	0.000094	0.319215	0.000126	0.063596	0.446568	0.003884	0.974567	0.891840	1.238613	1.015909	
H	0.812732	0.395714	0.013531	0.000094	0.001008	0.000126	0.000105	0.382933	0.385771	1.165455	0.827997	0.984094	0.697764	
I	1.003367	0.968164	0.901682	0.000094	0.764712	0.000126	0.000105	1.146565	1.277090	1.101617	1.273639	1.238613	1.143172	
K	0.876116	0.650229	0.077186	0.000094	0.319217	19.109588	0.000105	0.128389	0.003884	0.147382	0.255511	0.475055	0.506877	
L	1.512332	2.622726	2.113520	0.127491	1.528418	0.063189	0.127507	2.352641	6.751637	1.865380	3.946216	2.892991	2.606632	
M	1.066358	0.968374	0.395382	0.000094	0.701313	0.000131	0.000105	0.701028	0.640481	0.847307	0.764574	0.984094	0.825025	
N	0.748863	0.650229	0.013531	0.000094	0.128292	0.127519	0.000105	0.064754	0.003884	0.656419	0.191878	0.856834	0.761393	
P	1.003158	0.713858	2.750663	19.424670	1.782775	0.000126	19.424906	2.482914	0.003884	0.847312	0.382776	0.156906	0.443248	
Q	0.748863	0.586600	0.013531	0.127495	0.510064	0.063780	0.000105	0.192025	0.003884	0.656391	0.510042	0.729575	0.825022	
R	1.000375	1.286518	0.077188	0.063795	0.637428	0.063617	0.000105	1.019291	0.194865	1.038196	0.700941	0.793204	0.952273	
S	1.257872	1.477399	0.077187	0.191438	1.210209	0.000127	0.254907	1.719256	0.067545	1.674485	1.273638	1.365873	1.461311	
T	0.876116	0.968374	0.077187	0.000094	0.828354	0.000126	0.063805	0.891809	0.067545	1.483603	1.210005	0.856840	0.697764	
V	1.321495	1.668291	3.959947	0.000094	4.009774	0.188387	0.000105	2.355006	0.446512	1.928963	1.973605	2.320318	2.479347	
W	0.812490	0.841352	0.013531	0.000094	0.001008	0.000126	0.000105	0.319302	0.576827	0.974486	1.273638	0.793204	0.825022	
Y	0.876116	1.156142	0.204497	0.000094	0.001008	0.000126	0.000105	1.210195	6.942813	1.483603	1.528142	1.238613	1.270424	
