#P46108
A	1.357833	1.506987	2.579274	0.233087	2.844414	0.058171	0.052417	2.646675	0.001817	1.596898	1.090047	1.358464	0.926019	
C	0.606321	0.301950	0.061605	0.013022	0.008642	0.000838	0.001589	0.001328	0.001658	0.022469	0.088050	0.216543	0.393836	
D	0.864908	0.625140	0.118171	0.029910	0.905882	0.008928	0.001589	0.615750	0.001659	0.111020	0.273865	0.523612	0.594052	
E	0.816423	0.665575	0.223225	0.037289	1.349922	0.000838	0.001589	0.793267	0.108360	0.797840	0.378704	0.644466	0.605130	
F	0.792181	0.795380	0.635766	0.045614	0.452539	0.073808	0.033916	0.598284	0.001670	0.450938	0.984081	0.911492	0.854440	
G	1.858364	2.139366	2.685655	0.276986	1.075188	0.048060	0.026995	0.550733	0.001662	1.097408	2.030242	1.091038	1.137409	
H	0.711372	0.495892	0.190898	0.037265	0.219467	0.008918	0.025717	0.308440	0.010470	0.386817	0.467847	0.733610	0.636192	
I	0.856426	0.625129	0.861602	0.239400	0.647350	1.957504	0.017753	1.423572	0.009697	1.076372	0.702156	0.911393	1.044668	
K	0.767938	0.560357	0.441373	0.061502	0.445003	0.000838	0.001589	0.171463	17.862466	0.216411	0.306065	0.640015	0.587762	
L	1.277027	1.721006	1.762734	0.529012	1.978355	14.744383	0.098572	2.498844	0.021194	3.229566	2.378145	2.082622	2.304171	
M	0.832511	0.883860	0.433134	0.287800	0.865894	0.211038	0.001589	0.761732	0.073320	1.743635	0.774884	0.794863	1.104771	
N	0.809065	0.673642	0.311935	0.021103	0.509646	0.000838	0.001589	0.259387	0.038384	0.460144	0.459487	0.733719	0.589073	
P	0.866447	0.812685	1.040066	16.480115	0.873280	0.033326	19.400865	1.570141	0.025542	0.191787	0.160874	0.434159	0.619906	
Q	0.808362	0.600942	0.344436	0.102011	0.607910	0.000840	0.017664	0.453908	0.038288	0.864182	0.387042	0.831317	0.750457	
R	1.238484	1.378122	1.878702	0.384378	1.243914	0.041247	0.050079	0.170590	1.356072	0.465667	1.099046	1.516216	0.781700	
S	1.405737	1.530253	1.419442	0.143785	1.860034	0.056645	0.131040	1.247614	0.035931	1.906398	2.076557	1.725610	1.235022	
T	0.970224	0.827206	0.801660	0.093763	0.953844	0.052791	0.050097	0.769900	0.366773	1.281783	0.984898	0.951278	0.854335	
V	1.479120	2.048429	3.150223	0.852097	2.622280	2.666988	0.025603	4.550215	0.017841	2.892302	1.453346	2.043971	2.041234	
W	0.929482	1.029357	0.465171	0.077702	0.285441	0.017001	0.017751	0.251317	0.017809	0.466977	1.777238	0.758930	0.886114	
Y	0.751777	0.778723	0.594927	0.054158	0.250997	0.017001	0.041998	0.356839	0.009386	0.741384	2.127427	1.096683	2.053709	
