#Q14247
A	1.116689	0.795390	0.238777	0.952556	3.646465	0.891893	4.274680	4.518950	0.087788	0.963186	0.540442	0.808510	0.484954	0.807534	
C	0.816606	0.268945	0.014399	0.002692	0.001153	0.000912	0.000958	0.006401	0.006094	0.017516	0.021555	0.058068	0.184704	0.732458	
D	0.891681	2.890638	0.089505	0.002694	0.975063	0.076032	0.002452	0.006401	0.150678	0.017517	0.320426	0.064289	0.259797	0.807275	
E	0.816606	1.470091	0.015046	0.073638	1.045756	0.000921	0.079924	0.815991	0.531399	0.093752	0.246550	0.355865	0.485029	0.878394	
F	0.816606	0.269029	0.446396	0.002704	0.076264	1.395780	0.677038	0.230892	0.006109	0.782221	1.366120	1.034949	2.054499	1.181534	
G	2.155488	3.190505	0.614422	0.002726	0.727511	0.150477	0.399372	1.507737	1.042347	0.361184	1.264159	0.947937	0.680855	0.806900	
H	0.890228	0.419116	0.089329	0.002698	0.156642	0.001074	0.076776	0.227216	0.081456	0.242549	0.321928	0.208226	0.558958	0.732466	
I	0.816607	0.494198	0.162045	0.002692	0.235099	2.022697	0.151177	0.381299	0.006102	0.312950	0.616598	0.433062	1.445013	1.933356	
K	0.966884	0.551983	3.168993	0.077849	0.076252	0.000912	0.151190	0.231377	8.943995	0.239804	0.096656	0.129541	0.630425	0.807382	
L	0.966755	1.758344	0.911078	0.753488	1.148696	7.791339	3.343563	1.425381	0.072156	3.166893	2.644655	5.235339	4.400561	1.478329	
M	0.966774	0.469912	0.089511	0.003551	0.573741	0.669550	0.372897	0.306445	0.374054	0.457528	0.614972	1.930155	2.132233	0.957285	
N	0.817463	0.701926	0.389056	0.002714	0.076313	0.000912	0.000959	0.158700	1.132689	0.017516	0.171756	0.208035	0.334886	1.332907	
P	1.115215	0.644452	1.420339	16.225918	4.786636	1.418814	7.405503	2.168033	0.678470	6.465879	0.321782	0.433616	0.334279	0.804931	
Q	1.107082	0.268954	0.586544	0.002697	0.226444	0.000912	0.000958	0.162684	0.733841	0.242317	0.096665	0.583387	0.334884	0.802974	
R	1.119608	1.014209	9.972540	0.541851	0.784932	0.000972	0.074368	0.442009	4.889587	0.914590	0.097392	1.827377	0.259487	0.807510	
S	0.966353	0.950847	0.087160	0.427356	0.676156	0.367746	1.279525	2.946686	0.225624	2.643981	0.895299	0.579398	0.785001	0.927747	
T	0.816722	0.863482	0.540004	0.898386	0.672933	0.071504	0.863199	0.828140	0.796971	1.595847	0.402625	0.130242	0.409981	0.807535	
V	0.891676	1.099142	0.459029	0.002692	3.813216	4.844394	0.481439	2.830647	0.006185	0.988952	2.321795	2.968817	3.405178	1.628296	
W	1.122329	1.314820	0.260808	0.014415	0.076513	0.149430	0.212237	0.438458	0.006189	0.164554	6.190405	1.479951	0.333271	1.032729	
Y	0.822627	0.564018	0.445022	0.006682	0.224215	0.143729	0.151785	0.366553	0.228267	0.311264	1.448221	0.583236	0.486006	0.732458	
