#Q6XZF7
A	1.027141	1.013621	1.221379	4.315162	0.000603	3.153576	0.150299	0.681023	0.236817	0.618848	9.612517	0.178995	0.996768	1.080736	
C	0.410138	0.361670	0.194627	0.001214	0.000090	0.001557	0.000625	0.001576	0.000438	0.001320	0.000521	0.000893	0.591484	0.640034	
D	0.674356	0.749935	0.634951	0.001216	0.000091	0.354020	0.000625	0.001576	0.000438	0.090982	0.088853	0.001001	0.679650	1.521503	
E	1.026886	0.978726	0.635208	0.089409	0.087883	0.970254	0.089012	0.176414	0.000528	0.001320	0.000522	0.150534	0.591495	0.640034	
F	0.850711	0.714158	0.992932	0.177584	0.088576	0.558527	0.000761	1.239422	0.000527	4.407747	0.000521	0.605254	0.591660	1.168928	
G	2.616909	2.467022	1.069430	6.857118	0.000093	0.442366	0.000626	0.089124	15.666596	0.001320	0.000563	0.175874	6.403810	0.640085	
H	0.674595	0.537971	0.370965	0.177593	0.000090	0.089732	0.000625	0.618522	0.000438	0.588797	0.000521	0.177523	0.591484	0.992598	
I	0.498290	0.715324	0.984098	0.445886	0.000091	0.705322	6.314500	1.849298	0.088669	0.706577	0.000521	3.035139	0.685357	0.955946	
K	0.410278	0.542236	0.628692	0.530540	0.000091	0.442191	0.000625	0.618762	0.000471	0.354025	0.053875	0.000893	0.591485	0.640034	
L	1.823020	1.948714	2.542013	1.791197	0.000090	2.416112	1.631257	2.120649	0.000441	0.385300	0.000521	0.267359	0.619499	2.225321	
M	0.586403	0.625842	0.987916	0.171396	0.000091	1.588704	0.000626	0.706872	0.000443	0.678064	0.000521	0.622261	0.855968	0.815824	
N	0.762728	0.714272	0.723327	0.089407	0.000123	0.442230	0.000625	0.880948	0.082896	0.178541	0.087535	0.650067	0.666021	0.904616	
P	0.762561	0.968437	0.670512	1.414208	19.734366	1.258149	0.290018	0.500957	0.076672	0.001320	9.893151	0.000898	0.679681	0.844122	
Q	0.668182	0.537970	0.556472	0.001214	0.000091	0.354084	0.000629	0.442280	0.000439	0.473954	0.000521	0.001026	0.591484	0.816316	
R	0.710605	0.890939	1.099847	0.353855	0.000104	1.095968	0.000626	1.908411	0.000438	0.883150	0.000522	0.000896	0.679611	0.640116	
S	2.046290	1.683345	1.868992	0.526583	0.000090	1.377187	0.000626	1.751043	3.478623	1.040539	0.083628	0.088610	1.468928	0.904483	
T	0.935310	1.061703	1.428384	0.530379	0.001074	1.063673	0.000631	0.970807	0.363785	0.265866	0.001243	0.441932	0.679903	0.904461	
V	1.726377	1.764439	1.512598	2.196757	0.086181	2.725836	11.515840	2.645850	0.000456	2.404718	0.172555	11.927570	0.852743	1.326919	
W	0.850359	0.949603	0.987753	0.150959	0.000090	0.091514	0.000641	0.778487	0.000439	1.364435	0.000661	0.172227	0.591484	1.256878	
Y	0.938862	0.774071	0.889904	0.178323	0.000091	0.868996	0.000782	2.017980	0.000443	5.553178	0.000729	1.501048	0.591485	1.081045	
