#Q6XZF7
A	1.277545	1.412292	2.002802	1.643238	1.998503	0.069224	0.041140	2.065320	0.902570	2.220062	13.430775	0.062244	0.827455	0.997823	
C	0.404633	0.347982	0.170342	0.038756	0.016013	0.000070	0.000009	0.000427	0.000107	0.001990	0.000373	0.001377	0.595236	0.650272	
D	0.705794	0.770325	0.456033	0.165369	0.479470	0.006280	0.006044	0.495439	0.232180	0.726642	0.013778	0.085387	0.686515	1.005437	
E	0.692713	0.724040	0.501462	0.141974	0.528535	0.024438	0.000009	0.643655	0.367767	0.628064	0.000379	0.081912	0.622661	1.004240	
F	0.767036	0.852058	0.787068	0.817389	0.739941	0.292474	0.006611	0.576971	0.222761	0.841359	0.006838	0.843336	0.612450	1.015413	
G	2.716137	2.019530	2.709089	1.807153	1.413795	0.012272	0.014560	0.687807	0.248952	2.082361	0.000433	0.513363	7.054596	0.947991	
H	0.570109	0.566413	0.415204	0.166832	0.222805	0.012905	0.019376	0.254747	0.239766	0.251646	0.000377	0.102623	0.618957	0.853026	
I	0.662099	0.668531	0.621019	0.482333	0.416918	3.304334	0.023799	0.899478	1.180349	0.465607	0.009131	3.687585	0.616142	0.922271	
K	0.641557	0.602122	0.494342	0.186767	0.449976	0.000148	0.000117	0.498047	0.684161	0.374809	0.000374	0.044300	0.601900	0.682497	
L	1.378532	1.541436	1.840615	1.869102	2.067995	9.726241	0.112324	3.339881	4.017956	2.932322	0.005715	0.306574	0.617499	1.779541	
M	0.688629	0.698719	0.802544	0.690909	0.765760	0.581800	0.006285	0.853372	1.242520	0.833913	0.010460	0.821227	0.607988	0.925712	
N	0.707446	0.865599	0.602781	0.222502	0.321482	0.006525	0.013668	0.361665	0.390699	1.170321	0.000399	0.237503	0.613076	0.831641	
P	0.864789	0.916633	0.854774	6.770542	0.955330	0.088804	19.438679	0.079868	0.044521	1.414301	6.222017	0.007873	0.608685	1.011667	
Q	0.720636	0.636295	0.670560	0.232018	0.505019	0.000125	0.019150	0.462952	0.561048	0.530250	0.007810	0.409777	0.596774	0.818849	
R	1.335374	1.382947	1.433805	1.176118	1.990459	2.726560	0.095396	1.440968	2.055782	0.860838	0.024854	0.115919	0.661064	0.756534	
S	1.511057	1.463626	1.657366	0.713586	1.817592	0.019005	0.105186	2.751616	2.624559	1.453976	0.110908	0.163834	1.416363	0.944276	
T	1.051990	0.811844	0.802629	0.348382	0.774364	0.101485	0.036655	1.269084	1.613008	0.295905	0.012247	0.048605	0.621121	0.803645	
V	1.427138	1.582821	1.539710	1.340377	1.575616	2.274339	0.047771	2.502501	2.898489	1.912827	0.041341	11.537705	0.665580	1.189333	
W	1.087525	1.055874	0.812762	0.656598	1.047278	0.058460	0.006464	0.375664	0.084893	0.326576	0.093574	0.159414	0.715125	1.591819	
Y	0.789259	1.080911	0.825093	0.530057	1.913148	0.694511	0.006758	0.440536	0.387914	0.676233	0.008217	0.769442	0.640813	1.268013	
