#Q8TE68
A	1.275771	1.293311	1.236341	1.711506	0.091897	0.000861	2.356715	3.609233	0.078425	0.000960	1.510056	1.067013	1.157297	
C	0.533473	0.330893	0.189777	0.072297	0.001208	0.000010	0.000322	0.000238	0.000960	0.000960	0.097680	0.255058	0.466902	
D	0.627637	0.728067	0.303786	0.596342	0.019473	0.000010	0.393090	0.019387	19.831704	0.000960	0.471921	0.687297	0.763697	
E	0.685839	0.583265	0.283707	0.535668	0.001265	0.000010	0.515150	0.371740	0.001103	0.000960	0.810806	0.786237	0.818085	
F	0.838142	0.764625	0.868851	0.536805	4.389215	0.005483	0.483617	0.000238	0.000960	0.033158	0.855466	0.515600	0.868173	
G	2.050661	2.377071	2.299782	1.984074	0.001232	0.000408	0.854217	0.117872	0.032145	0.000962	1.626423	1.466953	1.218593	
H	0.639826	0.618270	0.418770	0.473121	0.316194	0.000176	0.338866	0.019345	0.000960	0.000974	1.221656	0.903670	0.923362	
I	0.765849	0.600931	0.795909	0.523673	0.935033	0.000852	1.082037	2.577576	0.000961	0.000960	0.706156	0.962804	1.047660	
K	0.743489	0.559586	0.379041	0.553571	0.001208	0.000011	0.383294	0.076789	0.000960	0.000960	0.247278	0.386492	0.634773	
L	1.084983	1.204979	1.609227	1.645191	2.838939	0.070873	2.476950	0.147278	0.000972	0.000960	1.907366	2.434919	2.025896	
M	0.815567	0.707717	1.005374	0.726327	0.446260	0.000010	0.857643	0.312321	0.000971	0.000960	0.859039	1.025451	0.960843	
N	0.762580	0.749571	0.725220	0.468190	0.001208	0.000011	0.263625	0.000238	0.020134	0.006646	0.706703	0.538633	0.812003	
P	0.882726	0.862723	1.294768	0.746980	0.035391	19.821156	0.309737	1.277580	0.000961	0.000960	1.042351	0.631291	0.740454	
Q	0.718742	0.540582	0.421926	0.636871	0.004609	0.015564	0.400271	0.210853	0.000960	0.000960	0.801004	0.730263	0.725245	
R	1.557883	1.750150	2.080397	2.156509	0.133514	0.047162	1.471404	1.407892	0.000960	0.000960	0.665743	1.086350	0.655166	
S	1.284654	1.572580	1.181015	1.760279	0.041125	0.015894	1.415186	0.438289	0.001113	0.073047	1.519134	1.218338	1.447925	
T	0.893000	0.876390	0.768866	0.895882	0.114966	0.020922	1.135659	1.361289	0.000960	0.000960	0.666204	0.976929	0.975699	
V	1.621967	1.915526	2.024077	2.136258	1.328410	0.000550	4.866997	8.051363	0.000961	0.010358	2.182636	2.495057	1.843594	
W	1.130484	0.912228	1.126001	1.309093	3.232268	0.000022	0.107128	0.000238	0.000960	0.000960	0.897913	0.994653	0.917408	
Y	1.086727	1.051534	0.987163	0.531363	6.066587	0.000015	0.288092	0.000238	0.022868	19.862379	1.204466	0.836993	0.997223	
