#Q12929
A	1.234913	1.429617	1.131857	1.676297	0.143772	0.604424	2.425218	3.346356	0.001977	0.004156	1.234792	1.106908	1.144131	
C	0.499703	0.278779	0.126616	0.049907	0.001476	0.000102	0.001521	0.000818	0.001954	0.004138	0.113617	0.268138	0.499260	
D	0.693013	0.533438	0.291088	0.769827	0.050102	0.012802	0.660120	0.019213	19.641472	0.004465	0.820996	0.745470	0.899303	
E	0.693275	0.743280	0.384719	0.625349	0.066002	0.012983	0.709939	0.566730	0.002068	0.004145	0.926325	0.706656	1.052049	
F	0.936697	0.825686	1.157887	0.653189	3.568122	0.154980	0.517695	0.000818	0.002114	0.029077	1.003920	0.809901	0.886292	
G	2.195518	2.123956	1.584864	1.377652	0.078913	0.154277	0.670587	0.244423	0.186864	0.004148	1.597395	1.351316	1.286479	
H	0.783589	0.665909	0.439068	0.604597	0.375726	0.113031	0.246752	0.052442	0.001970	0.062703	0.836225	0.771182	0.950641	
I	0.782879	0.652657	0.900601	0.823971	1.343682	0.645188	1.133583	1.978457	0.001955	0.004141	0.782563	1.228667	0.976265	
K	0.731991	0.576248	0.333066	0.707783	0.040197	0.013011	0.511838	0.104074	0.001969	0.004139	0.410228	0.461706	0.731142	
L	1.134763	1.370214	2.213874	1.446196	3.181391	1.850941	1.747665	0.358181	0.001960	0.004195	2.090227	2.076738	1.680341	
M	0.925531	0.768441	0.809046	0.617546	0.788796	0.296995	0.659723	0.257404	0.001954	0.004138	1.066174	0.977127	0.912195	
N	0.706150	0.652965	0.345857	0.579896	0.066812	0.013001	0.427373	0.079292	0.065185	0.004139	0.666835	0.848444	0.835268	
P	0.835084	0.885367	1.528420	1.004967	0.151628	14.380474	2.283322	2.737453	0.001958	0.004149	1.158202	0.587947	0.667058	
Q	0.706179	0.601293	0.410503	0.553027	0.117631	0.025887	0.427443	0.387908	0.002663	0.006978	0.629762	0.681067	0.821843	
R	1.479817	1.608736	1.320773	1.773614	0.220703	0.026447	1.293719	2.220466	0.001976	0.004139	0.732864	0.926372	0.757372	
S	1.336452	1.806279	1.067202	2.016816	0.298341	0.400661	1.279093	0.704746	0.026887	0.017263	1.481126	1.407641	1.260416	
T	0.959406	0.768046	0.500142	0.924228	0.324157	0.077553	1.072634	0.982132	0.013678	0.004139	0.603989	0.796204	0.925044	
V	1.312305	1.621517	2.267993	1.854435	1.327365	1.007283	3.324969	5.942698	0.024507	0.014675	1.873224	2.319128	1.826656	
W	1.038502	0.982908	1.657530	1.043200	2.480385	0.093823	0.192375	0.000840	0.001955	0.004592	0.952197	0.939149	0.860574	
Y	1.014233	1.104663	1.528893	0.897503	5.374801	0.116137	0.414427	0.015548	0.014933	19.810482	1.019338	0.990238	1.027670	
