#P09769
A	1.141489	1.281844	1.502820	0.070960	4.337920	0.090818	0.182132	3.072044	0.084007	0.254547	1.075892	1.198464	1.306569	
C	0.636774	0.455404	0.264418	0.040642	0.023261	0.000100	0.000052	0.000556	0.000311	0.001692	0.087047	0.194240	0.363842	
D	0.675088	0.455405	0.449815	0.040642	0.559601	0.000114	0.000052	1.578129	0.000312	0.108708	1.081419	0.915861	0.742276	
E	0.699873	0.550043	0.548306	0.067790	1.255310	0.000101	0.000052	1.637291	0.000341	0.001693	0.806910	1.575614	1.008112	
F	0.984863	1.075347	0.768805	0.041616	0.054766	0.000803	0.000157	0.275963	0.212454	0.048147	1.079433	0.731486	1.080300	
G	1.456249	1.737374	2.564954	0.166430	0.963715	0.058354	0.031558	0.993397	0.031835	0.064583	2.002923	1.432937	0.994463	
H	0.731416	0.676024	0.517449	0.042521	0.103729	0.000100	0.031956	0.379886	0.000312	0.068216	0.527494	0.663845	0.625090	
I	0.731416	0.865177	0.578496	0.040648	0.313876	0.230321	0.000110	0.423104	5.946535	0.221564	0.925410	0.978521	1.397536	
K	1.012794	0.658737	0.674182	0.041126	0.401868	0.063233	0.000052	0.347500	0.000313	0.001833	0.276352	0.351822	0.458491	
L	1.550921	1.385092	1.365807	0.072664	1.943088	18.205637	0.070542	2.334808	7.840228	0.342620	1.809958	2.208259	1.901928	
M	0.915668	0.836151	0.670433	0.113784	0.801071	0.031730	0.157878	1.146707	0.093213	0.001733	0.741106	0.934390	0.897141	
N	0.731376	0.581442	0.576469	0.040655	0.240507	0.000101	0.000052	0.576324	0.000311	0.100354	0.686300	0.762076	0.769830	
P	0.993726	0.720444	1.044632	0.704177	3.312291	0.087850	19.279630	1.254834	0.264928	18.120262	0.463422	0.509420	0.843861	
Q	0.668329	0.581642	0.690110	0.040673	0.644308	0.030833	0.063187	0.501434	0.000312	0.088375	0.495694	0.603494	0.647017	
R	1.559156	1.528988	1.453378	18.151062	1.276962	0.825431	0.024482	0.377545	0.343533	0.061455	0.649499	0.709609	0.710065	
S	1.267685	1.190638	1.661629	0.040645	1.661709	0.030370	0.157901	2.425196	0.031887	0.034312	1.922321	1.304067	1.294415	
T	0.888052	0.961695	1.052499	0.072252	0.804974	0.000100	0.000054	1.040299	0.723530	0.191065	1.114306	1.076042	0.893567	
V	1.232595	1.703081	1.954957	0.040661	1.034684	0.342377	0.000052	1.368704	4.267765	0.250072	2.169023	2.290267	2.151320	
W	1.265595	1.488861	0.923354	0.103045	0.023261	0.001510	0.000052	0.000675	0.032670	0.037075	0.968245	0.731800	0.739273	
Y	0.856935	1.266611	0.737488	0.068007	0.243101	0.000118	0.000052	0.265603	0.125203	0.001694	1.117244	0.827786	1.174904	
