#P09769
A	1.951141	0.558213	1.396256	1.158335	1.629742	1.543237	1.018199	3.108979	0.909921	1.417057	1.625345	1.021228	0.827848	
C	0.416445	0.156425	0.112486	0.034168	0.019902	0.000910	0.000428	0.001037	0.003920	0.001062	0.110846	0.243807	0.584693	
D	0.462813	0.215460	0.178823	0.034168	0.020019	0.177985	0.000428	0.001096	0.121981	0.568282	0.847681	0.664547	0.762069	
E	0.534489	0.215485	0.466776	0.042432	0.076195	0.237043	0.059490	0.244576	0.180956	0.827415	0.298781	0.374679	0.854981	
F	0.709606	2.715738	0.526470	0.209478	0.433422	1.180272	0.177417	0.607318	1.200944	1.035676	1.677747	1.245580	0.719941	
G	1.834484	0.650416	0.412607	0.861671	0.267638	0.069068	0.000543	0.740832	0.948474	0.827866	1.012538	0.523550	0.762473	
H	0.534502	0.274935	0.406450	0.207784	0.105527	0.059943	0.176984	0.471929	0.121979	0.525947	0.172236	0.368694	0.627165	
I	0.711565	0.216176	1.649863	0.683638	0.066539	1.341380	0.177505	0.745238	1.986680	0.888480	0.962467	1.609777	1.129841	
K	0.775397	0.248246	0.526414	0.387526	0.019958	0.000910	0.000428	0.001278	0.062949	0.236900	0.169870	0.362178	0.643715	
L	1.716402	0.424050	2.006750	0.741841	0.088154	3.558527	0.518229	1.831983	5.292190	2.255800	3.321359	4.444365	2.074936	
M	0.898070	0.329526	0.887590	0.192577	0.099585	1.181469	0.000453	1.162341	1.364946	1.004415	1.189212	1.102085	1.239631	
N	0.593598	0.333844	0.296033	0.093187	0.026688	0.178009	0.000428	0.458600	0.121981	0.111700	0.288319	0.421022	0.710526	
P	1.047149	8.752250	1.072922	2.571836	15.066501	1.725890	3.973474	1.668380	0.512490	1.831377	0.941377	0.362468	0.985179	
Q	0.829581	0.274431	0.260508	0.093154	0.097708	0.061501	0.000429	0.480647	0.240041	0.311176	0.290753	0.658674	0.822228	
R	1.819038	0.863239	1.606809	9.733207	0.390035	0.464573	13.598138	0.830467	0.601587	3.194727	0.475216	0.637229	0.704285	
S	1.183881	0.669842	1.276225	0.093206	0.792027	0.888843	0.059473	2.371206	1.774805	1.120571	1.635527	1.118792	1.145684	
T	0.949730	0.271719	1.235284	0.270261	0.387586	0.827384	0.118548	1.361405	0.540164	0.473308	0.727133	0.660005	0.656115	
V	1.662667	0.596511	4.859343	2.159709	0.311980	5.677433	0.059490	2.340752	2.293242	2.428855	2.531573	2.520186	2.611750	
W	0.597585	0.761213	0.414411	0.271707	0.019902	0.352476	0.000428	0.768158	0.533700	0.348077	1.118432	0.772790	1.239850	
Y	0.771858	1.472279	0.407978	0.160114	0.080895	0.473147	0.059490	0.803778	1.187050	0.591311	0.603587	0.888344	0.897089	
