#O15117
A	1.136209	0.493899	0.668968	1.350860	0.393386	0.395986	0.002186	0.001356	2.344021	0.395357	0.472976	0.922125	1.428355	0.902705	1.505974	1.214028	
C	0.747041	0.493899	0.279518	0.181327	0.002022	0.006299	0.002186	0.001356	0.006593	0.005265	0.082588	0.143379	0.260114	0.513525	0.727552	0.824887	
D	0.747041	0.493899	0.279518	0.181327	0.002022	0.006299	0.393486	0.001356	0.785736	0.005265	0.472976	1.700871	0.260114	0.902705	0.727552	0.824887	
E	0.747041	0.493899	0.279518	0.181327	0.002022	0.785672	0.002186	0.001356	1.175307	0.785449	0.472976	0.922125	1.038941	0.902705	0.727552	0.824887	
F	0.747041	0.493899	1.447867	0.571171	0.002022	0.006299	0.002186	0.001356	1.175307	0.785449	0.082588	1.700871	0.649528	1.291885	1.505974	0.824887	
G	2.303713	1.661824	3.005666	2.520393	0.002022	0.006299	0.784785	0.392981	0.785736	0.005265	1.644140	2.479617	1.038941	2.070246	0.727552	0.824887	
H	0.747041	1.661824	0.279518	1.350860	0.002022	0.785672	0.002186	0.001356	0.006593	0.005265	0.082588	0.532752	0.260114	0.513525	0.727552	0.824887	
I	0.747041	0.883207	1.058417	0.181327	0.393386	0.006299	0.393486	0.001356	0.006593	5.856649	0.082588	1.700871	1.817769	1.291885	0.727552	1.603168	
K	0.747041	0.493899	1.447867	0.571171	0.002022	1.175359	0.002186	0.001356	0.396165	0.005265	0.082588	0.143379	0.260114	0.902705	0.727552	0.824887	
L	1.136209	0.883207	1.837317	0.571171	0.002022	1.565046	17.219365	0.001356	1.954450	4.296280	0.863364	2.479617	3.375424	1.291885	2.673607	1.603168	
M	1.136209	0.493899	0.279518	0.181327	0.002022	1.175359	0.002186	0.001356	1.175307	0.395357	0.082588	0.922125	1.038941	0.902705	0.727552	0.824887	
N	0.747041	0.883207	0.279518	0.181327	0.002022	0.006299	0.002186	0.001356	0.396165	0.005265	0.082588	0.143379	0.649528	0.513525	0.727552	0.824887	
P	0.747041	0.493899	0.279518	0.181327	0.393386	0.395986	0.393486	18.799358	0.785736	0.395357	11.794227	0.143379	0.649528	1.291885	0.727552	0.824887	
Q	0.747041	0.493899	0.668968	0.571171	0.002022	1.175359	0.002186	0.392981	0.006593	0.005265	0.082588	0.532752	1.038941	0.513525	0.727552	1.214028	
R	0.747041	3.608367	0.668968	7.978215	17.613404	3.123793	0.393486	0.001356	0.006593	1.175542	0.082588	0.143379	0.260114	0.902705	0.727552	0.824887	
S	1.136209	1.661824	0.279518	0.961016	0.393386	1.954732	0.002186	0.001356	1.564878	0.395357	1.644140	0.922125	0.649528	0.902705	0.727552	0.824887	
T	1.136209	1.272516	1.058417	0.961016	0.002022	3.903166	0.002186	0.392981	1.954450	0.395357	0.863364	1.311498	1.038941	0.902705	0.727552	1.214028	
V	1.525377	1.272516	3.784565	0.961016	0.393386	2.734106	0.393486	0.001356	4.291877	4.686372	0.863364	1.700871	3.375424	1.681065	1.895185	1.603168	
W	1.525377	1.272516	0.668968	0.181327	0.002022	0.006299	0.002186	0.001356	0.396165	0.005265	0.082588	0.532752	0.649528	0.513525	0.727552	0.824887	
Y	0.747041	0.493899	1.447867	0.181327	0.393386	0.785672	0.002186	0.001356	0.785736	0.395357	0.082588	0.922125	0.260114	1.291885	1.505974	0.824887	
