#P06241
A	1.134530	1.214554	1.975916	1.288134	0.130316	4.016167	0.300075	0.124479	3.167023	0.299461	0.265554	1.155501	1.092330	1.368399	1.049956	
C	0.689404	0.476544	0.335938	0.198706	0.039130	0.009487	0.000848	0.000731	0.000272	0.000935	0.037645	0.155936	0.310128	0.522987	0.665896	
D	0.812837	0.537926	0.398151	0.367432	0.130528	0.318903	0.000848	0.000731	1.383893	0.033182	0.190735	0.938327	0.857206	0.798659	0.911372	
E	0.751316	0.507205	0.504709	0.382793	0.039132	0.882556	0.016198	0.016078	1.550229	0.000935	0.221780	1.014907	1.244969	0.889912	0.834679	
F	0.950113	0.783779	0.888369	1.042881	0.070619	0.132187	0.125825	0.016077	0.354173	0.241546	0.170571	1.107181	1.032954	0.888993	1.074717	
G	1.624350	1.259292	2.009260	2.071176	0.602239	1.161807	0.031548	0.018892	0.997767	0.292504	0.328496	2.052488	1.491737	1.254340	1.172753	
H	0.889398	0.568584	0.427754	0.398051	0.039137	0.178215	0.016197	0.046817	0.184115	0.031630	0.114389	0.647024	0.632234	0.737725	0.749410	
I	0.796820	0.845372	0.687522	0.565932	0.054484	0.317936	0.047141	0.031431	0.520475	5.184127	0.344254	0.985720	0.772694	1.244988	1.008208	
K	0.781478	0.706689	0.688242	0.641389	0.176332	0.408501	0.031547	0.000731	0.260555	0.016271	0.068302	0.346690	0.432819	0.630427	0.711923	
L	1.318479	2.302044	1.088679	1.409614	0.253258	1.865243	18.169879	0.200984	2.241130	7.415406	0.684342	1.742990	1.945575	1.476995	1.756446	
M	0.796824	0.931665	0.857591	0.781695	0.282586	0.648785	0.062933	0.123485	1.089126	0.233324	0.160405	0.872918	1.078497	1.014062	1.018787	
N	0.812166	0.568618	0.566118	0.828903	0.071628	0.209375	0.000851	0.000731	0.628725	0.016165	0.160346	0.692992	0.599985	1.122306	0.819341	
P	0.965133	1.029802	0.966017	0.585351	0.106714	3.584199	0.275695	19.043406	1.030702	0.591359	15.404198	0.549896	0.495005	0.676450	0.773204	
Q	0.766134	0.583899	0.779198	0.714187	0.039333	0.377279	0.016198	0.016213	0.599305	0.046978	0.083684	0.523948	0.708548	0.768492	0.834566	
R	1.455838	2.251421	1.978337	2.009996	17.306997	1.710330	0.426103	0.063100	0.798995	0.123728	0.086520	0.633884	1.351342	0.753498	0.865284	
S	1.364602	1.013367	1.731236	1.686908	0.130591	1.712742	0.092948	0.170367	2.308472	0.063034	0.366239	1.460355	1.445549	1.167207	1.109423	
T	0.935112	0.720399	0.898781	1.026297	0.116878	0.685112	0.046898	0.092830	0.583439	0.557204	0.175182	0.925834	0.969250	0.922951	0.960031	
V	1.302632	1.658084	1.487426	1.638611	0.117192	1.409242	0.290459	0.031430	1.950325	4.650060	0.923777	2.298672	1.808130	1.711665	1.663002	
W	1.025336	1.257393	1.057094	1.257873	0.223080	0.193630	0.031609	0.000733	0.122480	0.094437	0.114493	0.970743	0.804139	0.893117	0.986879	
Y	0.827497	0.783362	0.673664	1.104072	0.069826	0.178305	0.016198	0.000754	0.228797	0.107713	0.099088	0.923995	0.926910	1.156826	1.034123	
