#P06241
A	0.974825	0.745867	1.676920	4.288713	0.544027	4.328349	0.269781	0.433072	3.834521	0.002174	2.470489	2.027621	1.303361	0.771074	1.377090	
C	0.972482	0.743622	0.646512	0.054597	0.014167	0.016249	0.014017	0.002160	0.004245	0.002080	0.006091	0.031635	0.032108	0.261225	0.358310	
D	1.226384	0.743632	0.646583	0.055069	0.025707	1.248838	0.014017	0.002160	0.218855	0.002081	0.261666	0.537172	0.797528	1.278703	0.358550	
E	1.218258	0.743624	0.646587	0.054779	0.014181	1.063237	0.014017	0.002160	1.024304	0.002080	0.006848	0.542571	0.542037	0.278665	1.376954	
F	0.974264	0.989585	0.646860	0.318496	0.268821	0.016288	0.014177	0.002160	1.212459	0.258148	0.770701	1.306245	1.264028	0.770561	0.876187	
G	0.985075	1.762442	1.132809	4.898933	0.014676	0.716804	0.014021	0.002161	0.259674	0.002168	0.777937	1.559876	0.796470	1.533471	1.883114	
H	0.972677	0.744168	0.901133	0.057036	0.267058	0.016275	0.014029	0.257131	0.004246	0.002098	0.006107	0.031895	0.537549	0.772231	0.358520	
I	0.972505	1.001069	1.169075	0.054828	0.014266	0.751485	1.793196	0.002160	0.004257	0.289484	0.260909	1.519719	1.009962	1.520462	1.738205	
K	0.972525	0.743877	1.418187	0.338746	0.014686	0.016271	0.014033	0.002163	0.269158	0.512967	0.006766	0.033947	0.542765	0.261235	0.358337	
L	0.974028	1.000412	1.914368	1.342876	0.027198	0.271211	13.088120	0.246013	1.799027	1.974446	2.503850	5.013164	4.314242	2.257424	1.377431	
M	0.972524	0.744171	0.647192	0.311585	0.027102	1.047631	0.014017	0.002977	0.779291	1.172578	0.515450	0.604721	0.035343	1.272807	0.612964	
N	0.972547	0.743684	0.901199	0.286174	0.749260	0.774156	0.269339	0.002160	0.251896	0.004037	4.084673	0.286507	0.314792	0.270690	0.613125	
P	0.981315	1.222255	1.121722	0.760570	15.221800	2.539095	0.014414	17.509706	3.828164	0.002127	0.568333	0.031881	0.962579	0.770567	0.613051	
Q	0.972500	0.998268	0.674487	0.564262	0.014181	1.294982	0.014017	0.255225	0.247032	0.002081	0.770157	1.306274	0.541782	0.515894	1.632409	
R	0.984569	1.822588	0.881348	4.558746	0.273168	0.283844	0.014110	0.254024	2.006709	14.301225	1.473239	0.772878	0.823729	0.767636	0.358389	
S	0.973279	0.998039	0.915554	0.566497	0.966491	1.547850	0.014020	0.506670	0.920430	0.002259	0.923777	0.542115	0.796642	1.026996	1.139728	
T	0.972516	1.252634	1.111260	0.310313	0.763549	2.302155	0.014026	0.002161	0.513998	0.705903	1.282380	0.755307	0.796025	1.000058	0.359930	
V	0.981399	1.001667	1.147697	0.309950	0.751104	1.732599	4.114266	0.002183	1.252386	0.003235	0.774932	0.799672	2.325495	2.712257	3.126377	
W	0.973773	0.744885	0.647000	0.558218	0.014324	0.016425	0.268367	0.257608	1.027820	0.744408	0.237225	0.759956	1.273522	0.738964	1.121926	
Y	0.972554	1.253513	1.153507	0.309614	0.014236	0.016256	0.014017	0.255948	0.541527	0.014421	2.298471	1.536847	0.990042	1.219081	0.359405	
