#Q13588
A	1.082256	0.862503	1.924173	0.388299	0.194814	2.466883	1.735832	0.194832	0.193900	1.731680	0.406991	0.992879	0.685697	
C	0.510095	0.279294	0.194031	0.002576	0.002228	0.003264	0.003101	0.002355	0.002561	0.003347	0.022559	0.031878	0.493528	
D	0.702295	0.663673	0.770865	0.194980	0.193526	0.195533	0.926086	0.387125	0.387369	0.584448	0.599470	0.416194	0.685866	
E	0.510095	1.043338	0.196404	0.391388	0.002245	0.003264	0.580502	0.002355	0.002598	3.272163	1.176012	1.195805	1.070380	
F	0.702290	0.663556	0.194053	0.195007	0.772625	2.315575	0.391990	9.434576	0.206045	0.388603	0.178663	0.416401	1.069868	
G	0.702305	2.012196	1.346289	1.158093	0.002306	1.507168	1.732910	0.002356	0.002565	2.310303	1.946222	0.993978	1.070102	
H	0.510095	0.663930	0.578633	0.002643	0.194695	0.387801	0.003101	0.002355	0.002561	0.387850	0.986467	0.224036	0.686168	
I	1.473397	0.472585	0.770906	0.191978	0.195142	0.003264	0.387800	0.386702	0.772178	0.963259	0.214813	1.185725	1.416307	
K	0.510102	0.471529	0.386309	0.194988	0.581476	0.384100	0.003101	0.002355	0.002562	0.387963	0.405534	0.031878	0.493533	
L	3.968409	2.008931	0.773010	0.393986	0.390871	1.155265	1.734862	4.045207	3.268503	1.320222	1.938302	5.190708	3.145638	
M	1.086580	0.855772	0.386293	0.772140	0.352871	0.003264	0.003102	0.772076	0.964502	0.003348	0.594967	1.185226	1.070032	
N	0.510095	0.663675	0.194750	0.769090	0.002228	1.541407	0.580350	0.194561	0.579719	0.579173	0.214813	0.416454	0.494630	
P	0.702345	0.660995	0.775696	0.193814	0.002230	0.208829	5.158581	0.386945	8.827436	0.355407	3.485260	0.221055	0.493529	
Q	0.702301	0.473893	0.579700	1.156486	0.397157	1.156626	0.772052	0.002355	0.772162	1.729900	0.214807	0.224156	0.493529	
R	0.702273	1.240083	0.964597	1.276195	2.502630	2.114952	1.540059	0.936041	0.387143	0.198454	3.301369	0.189853	0.497934	
S	1.663210	1.816681	1.732473	10.206474	0.196454	0.771674	2.693297	0.383545	0.771975	2.500239	1.752145	1.763338	1.460083	
T	1.471159	0.854393	0.544501	1.346831	0.195008	0.195545	0.397195	0.002355	0.387243	0.580117	0.599328	0.803410	0.685773	
V	1.086713	2.003427	0.963435	0.388205	0.388390	0.772646	0.965104	1.122658	1.541486	1.925654	0.758154	1.377903	1.259621	
W	0.893886	1.241483	6.340591	0.581844	10.542070	1.925677	0.387871	0.964482	0.924930	0.389769	0.599231	0.222749	1.646475	
Y	0.510096	1.048065	0.383292	0.194984	2.891032	2.887263	0.003104	0.774760	0.002562	0.388101	0.604895	2.916375	1.081305	
