#O75791
A	1.542357	1.372545	2.951357	0.880700	2.184011	0.289981	0.432022	0.000213	4.263419	0.809264	0.008687	0.688607	0.914579	0.927380	
C	0.747516	0.505182	0.124530	0.030246	0.012195	0.000799	0.001066	0.000212	0.001217	0.001063	0.000291	0.091898	0.253818	0.496214	
D	0.747516	0.649705	0.124530	0.030593	0.081397	0.000799	7.811518	0.000213	1.012013	0.298154	0.000714	0.597795	0.542854	0.713010	
E	0.747728	0.866376	0.269077	0.102437	0.517897	0.073096	0.436470	0.000425	1.586358	1.230013	0.020703	0.308651	0.839401	0.929423	
F	0.747516	0.937410	0.567499	0.247108	1.384822	2.386302	0.941519	0.000473	0.506934	0.651927	0.000293	1.101871	0.901786	0.720969	
G	1.764629	2.022501	3.469262	0.823758	0.817939	0.070688	0.145615	0.072993	1.595131	0.507211	0.002328	0.450672	1.430273	1.073992	
H	0.891928	0.577676	0.341351	0.174368	0.373490	0.000799	0.587535	0.072783	0.290306	0.217837	0.075834	1.102597	0.326075	0.496214	
I	0.819759	0.718904	0.485822	0.102541	0.906073	3.109092	0.290205	0.000217	0.291706	0.146047	0.002998	0.388748	0.904170	1.383524	
K	0.747754	0.721719	0.485896	0.247114	0.301284	0.000799	0.073321	0.000214	0.073479	0.145368	19.077538	0.164162	0.253818	0.857525	
L	1.454523	1.370797	1.209381	1.551240	3.773544	1.520893	1.322794	0.000212	3.042175	10.123209	0.000400	0.742176	3.790443	2.373670	
M	0.892036	0.938384	0.196793	0.536241	1.166524	0.000800	0.648689	0.073879	0.223888	0.723717	0.144923	0.313147	0.977849	0.640740	
N	0.819662	0.938219	0.339969	0.319195	0.229013	0.000855	2.593337	0.000221	0.313273	0.217837	0.072623	0.524311	0.398337	0.857473	
P	0.819777	0.794244	1.556646	12.134273	1.674028	2.086976	0.226131	0.579362	0.145865	0.150968	0.144803	1.824650	0.398044	0.859094	
Q	0.819776	0.721964	0.196807	0.174887	0.301276	0.071718	0.145634	0.072565	0.145791	0.507126	0.225283	0.308630	0.396969	0.568465	
R	1.038081	1.007512	1.348456	0.391543	0.590179	0.000802	0.362664	18.617052	0.001221	0.001301	0.144915	0.164403	0.398363	0.576676	
S	1.397245	1.295790	1.353159	0.102774	0.952232	0.073111	1.445490	0.214193	2.600505	1.157876	0.006157	0.438254	1.414508	1.074180	
T	1.108702	0.800998	0.919428	0.465072	0.661509	0.000800	0.433120	0.000332	1.374597	1.808407	0.070518	0.461231	0.976261	0.496214	
V	1.253335	1.950181	2.871600	0.974931	3.107416	9.296613	0.511536	0.000436	0.861389	0.724775	0.000294	1.531265	2.997123	2.735883	
W	0.892358	0.943077	0.413541	0.391459	0.447090	0.000799	0.072559	0.000212	0.803721	0.432257	0.000384	0.888859	1.198133	1.145047	
Y	0.747801	0.866816	0.774897	0.319520	0.518081	1.014277	1.518773	0.293792	0.867011	0.145645	0.000316	7.908071	0.687197	1.074307	
