#O75791
A	0.821552	0.756403	0.626039	0.284794	0.184370	1.452761	12.078876	0.675833	2.293579	2.944577	0.996719	1.680537	1.484646	1.881465	1.356194	0.721951	1.173963	
C	0.821552	0.756403	0.626039	0.283628	0.184370	0.150745	0.019753	0.019424	0.005601	0.004875	0.020871	0.053963	0.184403	0.249690	0.380144	0.721634	0.820257	
D	1.146876	0.756403	0.951383	0.601045	0.184370	0.476250	0.019753	0.344904	0.981997	0.330657	0.020891	0.379585	0.510639	0.249696	0.380396	1.411070	0.820257	
E	0.821552	0.756403	0.626039	0.935235	0.184370	0.150745	0.024013	0.344482	0.331036	0.330656	0.020871	1.030552	0.184405	0.904557	1.354744	1.046696	1.469347	
F	0.821552	0.756403	0.626159	0.283628	0.509259	0.150830	0.019816	0.345767	0.982224	0.330894	0.347734	0.396105	1.164360	1.551287	0.725840	0.721634	0.820257	
G	3.748222	1.730903	2.907717	1.261048	1.163886	1.452673	1.646838	0.345815	2.935531	1.633785	1.648725	0.380303	0.842324	1.555567	1.030759	0.726135	1.783887	
H	0.821552	0.756403	1.276552	0.283628	0.184374	0.801726	0.019753	0.345756	0.331144	0.004875	0.674306	0.053966	0.839996	1.224796	0.383763	1.036461	0.820257	
I	0.821552	1.081728	0.951383	0.283629	0.510349	0.150745	0.019757	0.019437	0.005779	1.638948	0.020871	1.034731	0.835197	0.264638	0.706488	0.728678	0.824125	
K	0.821552	0.756403	0.626039	3.541415	0.184446	0.476250	0.672251	0.019424	0.331145	0.004875	0.020878	0.379496	1.169286	0.573645	1.018684	0.725476	0.820257	
L	1.138479	3.033644	1.928530	0.283628	0.510362	2.755015	0.684666	0.019424	1.306902	3.586300	0.347642	1.981328	1.812791	1.542834	1.390427	1.688881	1.774805	
M	0.821552	0.757197	0.626041	0.283629	0.184396	0.797952	0.349522	0.345772	0.005622	0.330657	0.020871	1.043678	0.509761	1.222001	0.705506	0.721646	0.821856	
N	0.821556	0.756406	0.626039	0.283631	0.184370	0.476250	0.019753	0.672147	0.005824	0.004881	0.671179	0.055127	0.514037	0.575004	0.381742	1.372066	0.820257	
P	0.821552	0.756416	0.942976	0.283767	1.810254	3.409564	0.019753	14.081358	0.690633	0.330658	8.831496	0.386973	0.509822	0.903938	2.983020	1.046912	0.820261	
Q	0.821552	0.756403	0.626039	0.610221	0.510337	1.778054	0.345973	0.019424	0.331138	0.004875	0.020871	0.381971	0.835301	0.575084	1.028841	1.695929	0.820257	
R	0.821552	0.757558	1.275423	8.102350	10.942621	2.451285	1.670813	0.019428	1.956960	0.656423	0.680095	0.703005	2.142197	0.249734	0.705479	0.725235	1.148976	
S	0.821552	0.756403	0.626039	0.933919	0.514871	0.474346	0.670373	0.345790	1.934431	0.989252	1.654662	0.379454	0.192953	0.251171	1.681376	0.721634	0.833588	
T	0.821552	0.756403	0.626833	0.283628	0.510256	1.127236	0.019757	1.324961	1.631791	0.004879	1.324232	2.007207	0.509927	0.930018	0.705387	1.044902	0.820260	
V	0.821552	1.732368	1.927303	0.605666	0.844900	0.507735	1.659072	0.019500	0.335086	5.555274	0.676791	4.303269	0.509831	3.190776	1.658122	1.045883	0.821347	
W	0.821582	1.073323	0.951376	0.283628	0.191641	0.800341	0.019756	0.345567	2.609865	0.330657	0.668825	2.332618	1.158341	0.900489	1.042938	0.725169	1.145526	
Y	0.821552	0.756431	0.626052	0.287882	0.506196	0.159497	0.019753	0.345786	0.993712	0.982002	1.331468	1.036131	4.089783	1.203607	0.380152	1.372009	0.820257	
