#Q13588
A	1.048238	2.509065	0.360264	3.594342	1.023870	0.224301	2.965003	0.205863	1.126738	0.927856	1.575888	1.203100	0.671446	
C	0.739300	0.264138	0.053315	0.017028	0.001545	0.000518	0.001740	0.001367	0.001533	0.006920	0.042737	0.078543	0.262612	
D	0.739304	0.264138	0.257820	0.017028	0.104406	0.000518	0.737745	0.001429	0.001533	0.413457	0.962524	0.385313	1.284588	
E	0.739300	0.471050	0.256558	0.628237	0.308252	0.000518	0.921443	0.001367	0.614953	0.926547	0.860434	0.481955	0.671288	
F	0.841495	0.570809	0.666818	0.221459	0.205744	0.202498	0.510554	1.124880	1.222524	1.028637	1.084029	1.305116	1.182586	
G	1.352434	2.817505	0.667579	0.936451	0.410458	0.325778	0.206651	0.103624	0.921690	0.722441	0.962007	1.304728	0.364820	
H	0.841489	0.468407	0.155543	0.425884	0.001546	0.000518	0.103959	0.001367	0.410493	0.109133	0.552372	0.487459	0.466784	
I	0.942470	0.672363	0.257798	0.529737	1.637128	0.102862	1.432750	2.149051	0.001533	1.540813	0.758188	1.202800	1.407177	
K	0.841486	1.081736	0.053315	0.732583	0.205044	0.002489	0.206178	0.001367	0.103773	0.109073	0.043552	0.180755	0.364814	
L	1.148796	1.286202	0.665689	2.160200	5.622706	0.206063	2.147769	2.556978	0.822072	2.679784	2.397121	4.388904	3.860320	
M	0.943749	0.468592	0.053323	0.630391	0.326478	0.102862	0.410615	0.103653	0.512775	1.131248	0.760503	0.794216	0.875883	
N	0.841490	0.366340	0.461943	0.325343	0.103784	0.000522	0.205993	0.308264	0.512762	0.620685	0.042737	0.385175	0.466436	
P	1.045845	1.389792	7.719678	2.675442	2.353035	17.289550	2.270017	1.330866	8.398874	0.330805	0.348229	1.102319	0.467022	
Q	0.841489	0.467263	0.359480	0.221744	0.098476	0.000651	0.104092	0.001367	0.206021	0.315533	0.349362	0.078546	0.467022	
R	1.454641	1.592857	4.756154	1.180372	2.558409	0.309289	0.309163	7.685802	0.819573	0.414249	1.365856	0.198993	0.464680	
S	1.352500	1.388436	1.484733	0.831342	0.409566	0.410248	2.251617	0.105589	0.921800	2.256847	1.678428	1.406818	0.975076	
T	1.148039	0.775933	0.275947	0.529506	0.410334	0.102855	1.938849	0.205881	0.819520	0.415760	0.553770	0.792754	1.080227	
V	1.454626	0.880318	0.768927	3.798837	3.068056	0.307386	2.454722	2.064764	0.921857	1.846846	2.615689	2.327193	2.410348	
W	0.841819	1.592113	0.158936	0.118157	0.128177	0.410039	0.206088	0.410444	0.738283	1.130229	0.962651	0.896993	1.182572	
Y	0.841489	0.672942	0.566182	0.425917	1.022988	0.000534	0.615051	1.636081	0.921692	3.073137	2.083921	0.998319	1.074299	
