#P62993
A	0.016531	3.433573	2.279972	0.002884	1.142585	0.288251	0.003043	0.003480	1.711158	0.004203	3.989340	0.046399	
C	0.016531	0.018246	0.003790	0.002884	0.002969	0.003530	0.003043	0.003480	0.003755	0.004203	0.003401	0.046399	
D	0.016531	0.587467	0.003790	0.002884	0.002969	0.003530	0.003043	0.003480	0.287404	0.004207	0.003401	1.754387	
E	0.016531	6.279678	0.573112	0.002884	0.571747	0.288283	0.003043	0.003480	0.003755	0.857869	0.003405	0.331069	
F	0.016531	0.018246	0.003790	10.260506	1.142610	0.288279	0.857708	0.288230	0.288440	0.288760	0.572968	0.331065	
G	1.442070	0.302856	0.003790	0.002884	0.572133	0.288279	0.003043	0.573007	0.003755	0.573319	0.572952	0.046399	
H	0.301639	0.018246	0.003790	0.002884	0.002970	0.003530	0.857708	0.003480	0.003755	0.572661	0.003401	9.440503	
I	0.016531	0.301820	0.573140	0.002884	0.002969	0.573029	0.003044	1.427297	0.003759	0.288760	1.711411	0.900408	
K	0.016531	0.302856	0.003790	0.287796	0.002969	0.003530	0.003043	0.288243	0.003755	0.288760	0.003401	0.046399	
L	2.867593	0.018246	0.857092	4.844405	0.287879	1.141344	0.003043	2.566351	8.544237	1.996051	1.995729	1.184999	
M	0.585052	0.587445	0.288465	0.287161	0.002969	0.288279	0.003043	0.003480	2.850607	1.994905	0.003401	0.899731	
N	0.016531	0.018246	0.288465	0.002884	0.002969	0.288279	0.287275	0.288243	0.003755	0.004203	0.003401	0.331069	
P	0.301639	3.147631	3.704559	0.002884	3.420583	4.558411	2.850784	0.003481	0.857796	2.564154	1.142472	1.469748	
Q	0.016531	2.579735	0.003790	0.002884	0.002969	0.003530	0.287931	0.003480	0.288409	1.426974	0.003401	1.754353	
R	13.985480	0.587469	0.573136	0.002884	0.857697	0.288279	1.141383	0.003480	0.288440	6.548945	0.288183	0.046400	
S	0.016531	1.156690	1.427166	1.997408	11.399317	2.566270	2.567035	3.134155	1.142494	0.004203	0.857759	0.046399	
T	0.016531	0.302856	7.405335	0.002884	0.002969	8.546003	0.003045	0.856540	0.003755	0.857874	8.831772	0.615739	
V	0.016531	0.018246	0.003790	1.142619	0.572788	0.288211	0.003044	0.003480	1.996522	0.004203	0.003402	0.046399	
W	0.301618	0.302201	0.003791	0.287813	0.002969	0.287623	0.287900	8.831152	0.857801	1.711544	0.003401	0.046399	
Y	0.016534	0.018247	1.995443	0.857687	0.002969	0.003530	10.828801	1.711980	0.856648	0.004203	0.003401	0.615738	
