#P62993
A	0.815576	1.045981	2.244593	4.626797	0.002233	3.237604	0.467668	0.002133	2.317968	0.004706	2.314656	1.045892	1.115225	
C	0.815576	0.585056	0.400585	0.006381	0.002136	0.007714	0.004987	0.002133	0.006936	0.004705	0.007923	0.123629	0.192501	
D	0.815577	0.585056	0.400585	0.006381	0.002136	0.007714	0.004991	0.466154	0.006936	0.004705	0.930577	0.584760	1.115233	
E	1.276357	0.585056	0.400585	0.006381	0.002136	2.314896	0.004987	0.002134	2.315960	0.004705	0.007924	0.123630	0.192503	
F	1.276355	0.585056	0.861591	0.930614	0.002136	0.007714	0.004987	0.002133	1.392286	0.467530	0.469251	1.045891	0.653862	
G	0.815590	0.585095	0.861588	4.626803	0.466161	0.932674	0.004987	0.466150	0.930501	0.930353	1.391902	1.507022	0.653862	
H	0.815577	0.585056	0.400587	0.006383	0.002136	0.007714	0.004987	0.002133	0.006936	0.004705	0.007924	0.123629	0.192501	
I	0.815576	0.585056	1.322597	0.006381	0.466151	1.391971	1.855746	0.002133	0.006939	0.004707	1.853232	0.123668	1.115224	
K	1.276353	1.509035	1.322591	0.468422	0.002139	0.007714	0.004987	0.002133	0.006936	0.004705	0.007930	1.507021	1.115224	
L	0.815576	0.585127	0.861740	3.705169	0.002137	1.853437	8.798326	0.002133	2.777639	0.930463	1.853244	2.429312	5.267322	
M	0.815576	1.045982	0.400588	0.468230	0.466272	1.391980	0.004987	0.002133	0.468719	0.467568	2.314365	1.045971	0.192572	
N	0.815579	1.045981	0.861588	0.006381	0.002173	0.469136	0.004987	0.466150	0.468526	0.004705	0.007923	0.123630	0.653862	
P	1.739248	0.585057	2.244592	2.316628	18.098528	2.776285	0.932735	18.103404	6.012598	0.004705	0.935100	1.968142	0.192501	
Q	0.815576	0.585056	1.322396	0.006381	0.002137	1.853402	0.004987	0.002133	0.468721	0.467528	0.469250	0.586875	0.192501	
R	1.276354	2.889660	0.400705	0.006383	0.002182	0.930557	0.467677	0.466147	0.930546	13.426595	0.469256	0.584763	0.656219	
S	0.815588	1.045981	0.400588	1.394631	0.004515	0.932935	0.467677	0.002133	0.006937	0.467541	0.930586	1.506828	1.115227	
T	0.815577	1.045981	0.400587	0.006381	0.002136	0.469135	0.467677	0.002133	0.468731	0.467527	1.391911	0.123639	0.192501	
V	0.815585	2.428755	1.322590	1.392507	0.468271	1.391990	6.482642	0.002133	1.392313	0.934862	2.775892	1.509392	2.960709	
W	0.815673	1.045984	2.705602	0.006381	0.002141	0.007714	0.004987	0.002133	0.006936	0.467528	0.007923	1.968153	0.653863	
Y	1.737132	1.045986	0.863720	0.006389	0.002139	0.007714	0.004987	0.002133	0.006936	0.930160	1.853232	1.968153	1.576587	
