#P62993
A	1.070136	0.572390	0.288426	0.141243	2.032924	6.521432	0.000201	0.140480	3.018385	0.435625	0.571606	0.961543	0.982541	
C	0.649609	0.011450	0.007961	0.001020	0.000953	0.001006	0.000178	0.000131	0.004753	0.014921	0.081783	0.190530	0.351731	
D	1.000049	0.011450	0.007961	0.281469	0.281420	1.473382	0.000178	0.000131	1.196394	0.085041	0.642592	1.101726	0.842343	
E	0.789784	0.151684	0.007961	0.001020	0.141186	1.332254	0.000178	0.000131	1.546626	0.435642	1.203400	0.961541	1.262919	
F	0.719695	0.151685	0.498647	4.347766	0.632005	0.001006	0.140521	0.000131	0.355234	0.435642	0.782794	0.681175	0.772275	
G	1.911167	0.642501	0.288425	0.421660	0.141183	0.631540	0.070350	0.000131	0.635618	0.225277	0.782794	2.293289	0.842365	
H	1.000047	0.221802	0.288335	1.333109	0.211303	0.211345	0.000178	0.070306	0.215041	0.155160	0.712691	0.470899	0.562003	
I	0.649609	0.151685	1.269845	0.071146	0.000953	0.071141	0.070350	0.000131	0.495425	3.380645	0.782793	1.241918	1.052637	
K	0.719698	3.166093	0.358540	0.071132	0.912472	0.211344	0.000178	0.000131	0.425330	0.014921	0.292078	0.330715	0.421822	
L	1.140223	0.431273	2.461965	0.420329	0.281420	0.561928	18.733780	0.000131	1.967315	7.165984	1.694102	2.012909	2.734736	
M	0.649609	0.502271	0.568849	0.912466	1.052647	0.281459	0.351035	0.000131	0.495426	0.575874	0.362211	1.100843	1.121846	
N	1.070133	0.011450	0.007961	0.561917	0.982583	0.211345	0.000178	0.000131	0.565504	0.014921	0.362185	0.540991	0.772275	
P	0.859390	1.063212	0.218308	0.071126	0.000978	4.627863	0.140226	19.225591	1.054794	0.295402	6.039477	0.611104	0.491910	
Q	0.719697	0.081567	0.288447	0.141244	0.351537	0.421685	0.000178	0.000131	0.495426	0.295399	0.221985	0.610599	0.491912	
R	0.789786	7.934142	8.350898	0.281378	9.186251	0.421685	0.000178	0.000132	0.775799	0.155117	0.432156	0.330624	0.842092	
S	2.611784	0.081567	0.078074	0.981973	1.543229	1.332852	0.000178	0.210655	2.317926	0.365496	1.133294	1.241933	1.613233	
T	0.929961	0.151685	0.288423	0.702142	0.141186	0.351571	0.000178	0.140480	1.126285	0.575793	0.992889	0.891448	0.632103	
V	0.859741	0.502272	0.989588	0.421691	0.210842	1.122811	0.491377	0.070306	2.668348	4.922556	2.184813	2.993776	2.524531	
W	1.000005	1.273562	2.181562	3.296292	1.122819	0.001006	0.000201	0.000131	0.215041	0.014921	0.432311	0.611082	0.982546	
Y	0.859874	2.886259	1.549824	5.539878	0.772109	0.211345	0.000178	0.140480	0.425330	0.435665	0.292044	0.821356	0.702181	
