#Q08881
A	1.105537	1.618527	0.003885	0.910138	0.308623	0.605774	0.909347	0.910541	0.018223	2.129782	0.019582	0.970478	1.102680	0.593700	
C	0.804064	0.411609	0.003885	0.004480	0.003438	0.004376	0.004070	0.002780	0.018223	0.020122	0.019582	0.064877	0.200931	0.593700	
D	0.804066	0.411609	0.910084	0.004480	0.003438	0.004376	1.514120	0.002780	0.018223	0.020122	0.925225	0.668649	0.502010	0.594360	
E	0.804064	2.221540	0.305951	0.903131	0.302018	0.305869	0.004070	0.002780	0.018223	0.624638	0.319159	0.667894	0.502726	0.892727	
F	0.804064	0.411609	0.305958	0.305941	0.003438	0.299312	0.608089	0.002781	0.922813	0.321844	0.623359	0.666229	0.804445	0.593712	
G	1.105522	6.446241	0.604387	0.910128	0.910036	0.608209	0.305787	0.002780	0.018224	1.525231	0.019585	0.364789	1.408071	0.593700	
H	1.105526	0.411609	6.646563	0.004480	0.003438	0.005038	0.910100	0.002780	0.018223	0.020122	1.525785	0.366307	0.200931	0.888222	
I	0.804064	0.411609	0.305952	2.721389	0.305659	0.607764	0.607994	0.603948	0.923096	1.226988	0.019583	0.367063	6.840502	2.398921	
K	0.804064	0.411620	0.003943	0.004480	0.003438	1.513954	1.816123	0.002799	0.018224	0.020122	0.321465	0.064877	0.200931	0.593838	
L	0.804064	0.713341	0.305951	0.908252	0.003438	2.115231	0.004209	0.002780	8.481826	0.322412	1.518370	1.571891	0.201529	2.405887	
M	0.804064	0.411609	0.006956	0.608348	0.306725	0.909326	0.306081	0.002780	7.270400	0.623549	0.626277	0.668630	0.502726	1.195937	
N	0.804064	0.411612	0.003885	0.004481	0.305640	0.608168	9.060255	1.819708	0.018223	1.226925	4.246029	0.369687	0.201238	1.498118	
P	0.804064	0.713340	0.910120	0.004542	1.512455	0.306306	0.604573	0.305192	0.018223	0.623605	0.019584	0.366756	0.200932	0.593700	
Q	0.804064	0.411609	1.212147	2.117659	0.305640	1.212045	0.004070	0.607681	0.018223	0.321841	0.623353	0.668213	0.804522	0.895197	
R	2.913984	2.221512	6.638179	2.716040	4.536137	7.854994	0.004076	0.305201	0.018234	3.637826	0.623347	1.266215	0.501054	1.196372	
S	1.407007	0.713341	0.003891	0.004480	9.971471	2.117758	0.904682	1.212511	0.622814	2.436823	1.228184	0.366442	0.804206	0.593700	
T	0.804064	0.411609	0.003886	0.608257	0.902443	0.907798	2.118099	13.596614	0.018223	0.321839	0.019592	0.064877	1.103291	0.593700	
V	0.804065	0.411645	0.305208	6.344647	0.003506	0.004949	0.004105	0.305271	1.228458	3.338492	0.321902	0.366701	3.216089	1.494122	
W	0.804064	0.412799	0.307034	0.608281	0.305582	0.004376	0.004070	0.305515	0.018230	0.915825	0.621588	8.817064	0.200931	1.196687	
Y	1.105528	0.411609	1.212137	0.306365	0.003439	0.004378	0.306080	0.002780	0.313672	0.321892	6.358450	1.272361	0.500256	0.593701	
