#Q9NZM3
A	1.200113	1.181904	1.506166	0.029116	5.319314	0.000626	0.355267	4.588511	0.357466	0.531731	1.504089	0.898010	1.501791	1.229429	1.080189	
C	0.671438	0.476927	0.274591	0.029097	0.012576	0.000586	0.000475	0.002925	0.001745	0.000560	0.084211	0.199059	0.331952	0.526481	0.728815	
D	0.671438	0.476927	0.628357	0.029097	0.012578	0.000586	0.000475	1.595071	0.001745	0.000560	0.253343	1.260326	0.685666	0.873959	1.265588	
E	0.708469	0.476927	0.628343	0.029097	0.189528	0.000586	0.177872	1.064645	0.001745	0.177938	0.084386	0.730848	0.689700	1.233965	1.083722	
F	1.025118	1.183863	0.630654	0.206044	0.012576	0.001937	0.000475	0.179889	0.001745	0.000560	1.322834	1.790610	0.862585	1.072369	1.251895	
G	1.206249	0.830198	1.512347	0.029199	0.019567	0.000586	0.177868	0.887744	0.356078	0.000560	1.147485	1.254551	1.565129	1.049693	0.905695	
H	0.671438	0.653760	0.805166	0.206042	0.012576	0.000586	0.000475	0.356848	0.001745	0.000564	0.261148	0.199059	0.510059	0.703311	0.728815	
I	0.671438	1.887265	0.451421	0.029097	0.183765	0.000598	0.000475	0.002926	8.057314	0.177533	0.268928	1.437285	1.387572	1.039904	1.284167	
K	0.848248	0.476927	0.628361	0.029097	0.581970	0.000586	0.000475	0.357504	0.001745	0.000560	0.084211	0.369728	0.685094	0.526481	0.728815	
L	1.731867	2.458852	1.334206	0.029283	0.652161	18.214503	0.392402	1.057640	5.164121	0.000560	1.779204	3.554900	2.470022	2.054985	1.189949	
M	0.671438	1.184010	0.628309	0.030382	0.535312	0.532360	0.000475	1.065381	0.001745	0.000560	1.145183	1.264322	1.032823	1.232254	1.081649	
N	0.671438	0.652860	0.628360	0.029097	0.525760	0.000587	0.000475	0.533318	0.001745	0.000560	0.968513	0.375963	0.506005	0.526481	1.259386	
P	1.554321	1.004229	0.801890	0.205980	5.129975	0.000586	18.889453	2.454601	0.001745	18.571517	0.084243	0.375800	0.513544	0.701487	0.728815	
Q	0.671438	0.476927	1.158790	0.206406	0.720529	0.000586	0.000483	0.533786	0.001931	0.000560	0.769583	0.729716	0.331952	0.551378	0.905675	
R	1.551281	1.012019	1.156995	18.205401	2.137829	0.000586	0.000475	0.188087	0.003649	0.355336	0.613258	1.375865	0.862536	0.527585	0.909579	
S	1.025033	0.829537	1.682087	0.029113	1.627349	0.000586	0.000475	3.008645	0.355674	0.178102	3.245268	1.612704	0.333097	1.414934	1.060397	
T	0.848264	1.184090	1.158455	0.029097	1.047897	0.177960	0.000475	0.530774	0.356065	0.000560	1.161085	0.735444	1.017201	1.764564	0.905710	
V	1.374509	2.068810	2.952082	0.206459	1.070262	1.064393	0.000475	1.232325	5.151334	0.000560	3.468260	0.200187	2.103595	1.405017	1.089687	
W	1.024675	0.830160	0.451402	0.383802	0.012599	0.000586	0.000475	0.002925	0.001745	0.000560	1.316699	0.906257	0.862616	1.039167	0.728815	
Y	1.201785	0.653809	0.982020	0.029097	0.195878	0.000587	0.000475	0.356454	0.178918	0.000561	0.438071	0.729364	1.747059	0.526554	1.082640	
