#Q9NZM3
A	0.894118	1.485244	1.075930	0.864083	0.552667	1.603007	0.001319	3.550161	0.640657	0.323177	2.931957	0.432586	1.515501	0.490417	3.136912	
C	0.890661	0.842649	0.745033	0.545033	0.227093	0.003337	0.001308	0.004802	0.003147	0.001695	0.066593	0.096761	0.114708	0.162947	0.260730	
D	0.890661	0.842649	0.745033	0.545033	0.865426	0.003337	0.001308	0.324494	0.003147	0.001695	1.676957	0.097067	0.753489	0.493488	0.568733	
E	1.142860	0.842649	0.748794	0.545033	0.227227	0.003337	0.001308	0.004841	0.003147	0.001695	2.620302	0.414933	0.426852	0.162963	1.535443	
F	0.890755	0.843707	1.378936	0.864852	0.227093	0.958014	0.001308	0.004802	0.643165	0.001695	0.385745	0.096955	0.114754	2.050973	0.593472	
G	1.202046	1.162513	1.064119	2.459293	3.405773	0.003337	0.321906	0.004803	0.323179	0.001695	0.382888	0.107516	1.081801	0.495588	1.534835	
H	0.890661	0.842739	0.745180	0.545034	0.227093	0.003337	0.001308	0.004802	0.003147	0.642639	0.066595	0.096761	0.751153	0.162948	0.260730	
I	0.890661	0.851164	1.064168	0.545033	1.833470	0.322373	0.001308	0.643756	0.813616	0.001697	1.648777	0.096916	0.762777	1.151326	0.854403	
K	0.890763	0.842649	0.745036	0.545033	1.752977	0.003337	0.001308	1.920496	0.003147	0.001695	0.066593	0.748255	0.115856	0.162947	0.260730	
L	0.892057	1.734321	0.747221	1.182866	0.673509	11.619798	0.896004	2.251156	10.836002	0.001695	1.796690	0.106309	4.238096	4.108474	3.897381	
M	0.890661	0.843445	0.745129	0.861796	0.560566	0.643882	0.001309	0.642547	0.003147	0.322169	0.386223	0.409956	1.084279	1.761908	0.900669	
N	0.890661	0.844360	0.745039	0.867850	0.259319	0.327030	0.001308	0.004822	0.003147	0.001695	0.386543	0.096764	0.119753	0.162947	0.260742	
P	0.893275	0.848682	0.751045	1.183161	0.575777	0.003337	18.118649	4.522985	0.003147	17.400021	2.620610	0.097059	3.296814	0.485568	0.260730	
Q	0.890661	0.842649	0.745457	0.545110	0.546532	0.003337	0.321894	0.324337	0.322820	0.001695	0.106542	0.096859	0.114708	0.437230	0.579910	
R	1.217701	1.153631	1.705775	2.942109	2.139496	0.323284	0.001314	1.587298	1.279731	0.322144	0.388955	14.929473	0.114854	0.480215	0.572875	
S	0.890911	0.844716	0.758699	1.183154	1.783996	0.643176	0.001308	2.884900	0.003898	0.325179	1.704292	0.098941	1.070643	0.791300	0.619064	
T	0.890734	0.843310	0.745352	0.864114	0.594227	0.003338	0.321906	0.649176	0.003153	0.322152	0.996802	0.726751	1.112497	0.163008	0.579882	
V	0.898588	0.842698	2.934628	1.821350	0.551601	0.003343	0.001308	0.660204	5.102312	0.001695	1.303488	1.055097	2.982033	2.407544	2.163082	
W	1.214244	1.803577	1.064185	0.545033	1.822906	0.323283	0.001308	0.004802	0.003147	0.001695	0.396825	0.097532	0.114713	1.470530	0.260730	
Y	1.847320	0.842649	0.745241	0.545033	1.173253	3.202773	0.001308	0.004815	0.003147	0.322179	0.066623	0.097508	0.114717	2.397680	0.898948	
