#Q9NZM3
A	0.957290	7.794648	0.568576	3.712023	0.621297	0.167943	2.394085	0.000381	1.720300	1.082819	2.721615	1.396703	1.090020	
C	0.563389	0.005205	0.000156	0.001350	0.000701	0.000328	0.001288	0.000381	0.009558	0.013691	0.050022	0.147423	0.438203	
D	1.228017	0.497476	0.000158	0.411985	0.161044	0.000329	0.495831	0.000381	0.091995	1.018817	0.791211	0.477117	0.847371	
E	0.807494	0.005205	0.000156	0.577840	0.248518	0.000328	0.154081	0.081082	0.009558	0.507619	0.542664	0.411035	0.997742	
F	0.791476	0.005205	0.000156	0.001531	0.000795	0.000366	0.908078	0.000552	1.162826	2.541333	1.355223	1.471835	1.577804	
G	1.571150	1.607212	0.000160	0.269107	0.530044	0.000328	0.388637	0.083850	0.567920	1.509544	1.458962	1.461160	0.765938	
H	0.563560	0.005205	0.000157	0.001352	0.000701	0.165378	0.003576	0.001336	0.498954	0.343123	0.461218	0.310082	0.438203	
I	0.563389	0.170130	0.000156	0.717176	1.472936	0.000328	0.490491	0.082901	1.053366	1.890517	1.197854	0.880396	1.402100	
K	0.975227	0.581222	0.000156	0.573621	0.739684	0.082853	0.001288	0.082539	0.086683	0.096125	0.458771	0.394636	0.601703	
L	1.308503	0.994159	0.091514	2.489717	1.536087	0.137903	3.066431	0.735348	3.985516	3.127931	2.754863	4.788401	1.998804	
M	0.893726	0.170127	0.000156	0.954456	0.249855	0.000328	0.740122	0.000614	0.745787	1.002856	0.625631	0.476734	1.418646	
N	0.563389	0.005205	0.000156	0.548386	0.000701	0.000328	0.166931	0.000381	0.422530	0.096106	0.462124	0.557817	0.438203	
P	0.809077	2.123977	19.102573	2.913742	0.271033	17.878491	4.844402	1.285236	0.637936	0.096556	0.451418	0.223565	0.520625	
Q	0.728084	0.005205	0.000157	0.412055	0.082923	0.165369	0.331058	0.000789	0.966535	0.099849	0.626094	0.394825	1.393784	
R	0.891418	3.832727	0.232345	1.552624	0.000702	0.254203	0.437962	17.152003	0.174416	0.506167	0.297087	0.219812	0.494775	
S	1.678174	0.636923	0.001409	0.748369	0.000701	0.160901	1.731575	0.160806	1.559735	0.837521	1.225616	1.348825	0.931846	
T	0.976027	0.166065	0.001337	1.155366	0.164563	0.240589	0.411522	0.000381	1.608125	0.508276	0.208159	0.635735	1.003031	
V	2.116705	1.144865	0.000208	2.791991	13.916316	0.743054	2.855020	0.082898	3.278234	2.506980	3.140286	3.376160	2.317988	
W	0.890226	0.007030	0.000156	0.001351	0.000701	0.000328	0.164235	0.165107	0.586380	0.474446	0.626659	0.476196	0.721113	
Y	1.123679	0.242210	0.000156	0.165958	0.000701	0.000328	0.413385	0.083036	0.833647	1.739725	0.544525	0.551542	0.602100	
