#Q15811
A	0.205477	0.421235	0.915604	0.776118	1.737417	2.013343	1.001911	0.511133	0.730818	0.758185	0.306324	0.318078	1.049479	
C	0.205433	0.167713	0.156127	0.016185	0.004447	0.004088	0.003825	0.004426	0.005241	0.002790	0.052933	0.064686	0.798169	
D	0.205436	0.167714	1.925437	0.522770	0.762945	2.028458	0.003826	0.507670	2.279785	0.002792	0.556903	1.069270	1.304413	
E	0.205433	0.420140	1.675033	0.523109	1.017640	2.028906	0.255386	0.513425	1.017790	0.759352	1.310194	0.064751	1.051143	
F	1.472973	0.167724	0.662497	0.522022	1.523897	0.222930	6.300081	1.015320	0.258681	0.002811	0.306629	1.581260	0.798170	
G	0.459714	1.392545	2.665291	1.281037	0.495181	4.558472	0.003825	0.004427	0.763958	14.922954	0.306460	1.835996	1.551572	
H	0.205433	0.167713	0.156172	0.016187	0.258283	0.004133	2.282351	0.508948	1.505054	0.002818	0.306509	0.064686	0.798169	
I	0.205433	0.673940	0.409413	0.269162	0.510070	0.527436	0.003825	0.511470	0.511902	0.002791	0.052935	0.064689	0.798169	
K	0.458156	0.692187	0.915985	0.016186	0.510801	0.004088	0.257516	0.004426	0.511882	0.002790	0.052934	0.064686	0.798169	
L	0.459031	1.174040	1.137828	5.079590	3.550048	0.501961	0.003894	6.797223	4.793262	0.981101	0.311517	4.370960	1.810007	
M	0.459015	0.167713	1.921921	0.523099	0.511066	0.004090	0.003829	1.272200	0.765233	0.002790	0.052957	1.580537	0.798169	
N	0.205440	0.167713	1.675342	0.016185	0.257758	0.510895	0.764885	1.264273	1.525102	0.002791	0.305640	0.316896	0.798169	
P	0.933521	0.172659	0.156128	0.016185	1.269794	0.004089	0.257526	0.004428	0.005315	0.760170	10.444397	0.317704	0.798285	
Q	0.205433	0.674324	0.156127	0.265818	0.254096	0.257602	0.257516	0.257799	0.511943	0.002790	0.813543	0.567622	0.798198	
R	1.472387	9.786049	0.156132	0.488341	0.479211	0.257497	0.003825	0.004430	1.524936	0.514476	0.052935	1.329425	0.798169	
S	0.222821	0.167824	1.178925	5.592614	3.548171	1.745938	1.261448	0.004431	1.018400	0.002791	1.570756	0.318001	0.798169	
T	0.458534	0.643326	2.146764	0.523088	0.253381	2.533215	0.003832	1.747739	0.511932	0.002791	0.558942	0.569324	1.047504	
V	0.692161	0.167756	0.409260	0.522868	1.284195	1.012642	0.003893	4.551404	0.766466	0.002821	0.808847	0.555924	1.809538	
W	11.062736	1.941335	1.423331	1.531732	0.762107	1.269321	0.003921	0.510402	0.005242	1.267394	0.509451	3.613909	0.798170	
Y	0.205433	0.666352	0.156682	1.497705	1.009493	0.510897	7.322883	0.004427	0.987057	0.002801	1.319194	1.331595	0.798169	
