#Q15811
A	1.265509	1.247293	1.177673	0.062416	2.237970	0.044971	1.432473	2.026614	0.045678	2.624518	1.145482	1.228827	1.087089	
C	0.531865	0.314017	0.059728	0.002522	0.002088	0.000052	0.000047	0.000337	0.000757	0.039264	0.167285	0.295551	0.468232	
D	0.766432	0.768178	0.119618	0.012504	0.995259	0.005043	0.015020	1.053402	0.040687	0.129099	0.566549	0.949344	0.787642	
E	0.736487	0.713280	0.134590	0.017495	1.095075	0.005043	0.034985	2.979862	0.030704	0.268842	0.551577	1.643062	0.802615	
F	0.826321	0.877975	1.631839	0.092362	0.376398	1.447444	0.339437	0.549328	0.025713	0.762935	1.210362	0.894445	1.067126	
G	2.138896	2.115689	1.202628	0.112327	0.970305	0.044971	0.119832	0.793879	0.080616	0.952587	2.408154	1.288717	1.196886	
H	0.666616	0.548584	0.299288	0.052433	0.296545	0.010034	0.154769	0.244888	0.060651	0.428549	0.756200	0.669860	0.752707	
I	0.841293	0.633427	0.968059	0.097354	0.835553	5.929368	0.399330	0.484447	0.015730	1.157211	0.910914	0.944353	1.127015	
K	0.686579	0.658381	0.314260	0.027478	0.401352	0.005043	0.044967	0.110135	0.065643	0.193980	0.292055	0.510155	0.533113	
L	1.390279	1.476869	3.323730	0.975793	1.853678	5.624917	0.648881	1.792045	0.060651	2.604554	1.874138	1.932528	2.180070	
M	0.801367	0.763187	0.553820	0.192185	0.610966	0.109854	0.309491	0.803860	0.015730	0.817834	0.995758	0.879473	1.022209	
N	0.791385	0.723261	0.324242	0.037460	0.436288	0.010034	0.015020	0.629181	0.005748	0.473467	0.651393	0.724758	0.842541	
P	0.841293	0.798123	0.723508	16.827632	1.080103	0.064935	13.425914	2.845109	0.015730	0.069209	0.317009	0.515146	0.652891	
Q	0.746468	0.653390	0.209453	0.052433	0.561058	0.005043	0.229635	0.624191	0.025713	0.398604	0.481706	1.024205	0.692818	
R	1.445177	1.496832	1.871399	0.646378	1.708945	0.079908	0.164751	0.085181	19.321788	0.283815	0.431798	0.649897	0.737735	
S	1.485104	1.621602	1.092829	0.092362	2.033347	0.034989	0.648881	1.747127	0.070634	2.634499	2.033844	1.338625	1.321656	
T	0.876229	0.922892	0.473967	0.042451	1.139992	0.054953	0.394339	0.614209	0.030704	1.456662	0.915905	0.699804	0.877476	
V	1.435196	1.636574	2.774738	0.162238	2.622263	5.734719	1.262778	1.871898	0.040687	3.218427	1.759350	1.852675	1.930531	
W	0.901183	0.942856	0.828316	0.361884	0.286564	0.134809	0.134805	0.339713	0.035695	0.628183	0.950841	0.959325	0.857513	
Y	0.826321	1.087588	1.916316	0.132292	0.456251	0.653874	0.224644	0.404594	0.010739	0.857761	1.579681	0.999251	1.062135	
