#Q15811
A	1.611207	0.833212	0.912794	2.347622	3.150454	0.488099	4.088382	0.000999	0.381140	2.650201	0.141801	2.076274	1.565819	1.742670	
C	0.884207	0.826805	0.671560	0.370180	0.012711	0.005397	0.002002	0.000971	0.000415	0.014782	0.019636	0.045548	0.118039	0.175377	
D	0.884216	0.827150	1.037712	0.605796	0.012711	0.005397	0.364278	0.000971	0.242091	0.498164	0.023032	1.741414	0.601343	0.414331	
E	1.004822	0.950237	0.792177	0.738140	0.012711	0.005397	1.291571	0.000971	0.120398	0.974570	0.020566	0.407496	0.358944	0.514751	
F	0.886275	1.068206	0.671560	0.611439	0.370561	0.488755	0.002002	0.122076	0.000416	0.628142	0.418346	0.166461	0.847684	1.020239	
G	1.010343	2.088260	1.153793	2.150749	2.547018	0.006417	0.213550	0.469481	0.120775	0.253865	0.141985	0.773123	1.200581	0.905554	
H	1.004818	0.826826	0.793315	0.490810	0.012711	0.005397	0.160012	0.000971	0.000415	0.136095	0.019800	0.166224	1.082686	0.175928	
I	1.004844	0.830182	0.671560	0.611274	0.219165	0.005397	0.484602	1.463047	0.000415	0.376992	0.504246	1.167984	2.038340	1.548743	
K	0.884207	0.827133	1.026092	0.732683	0.495296	0.126221	0.727922	0.121759	0.121270	0.384125	0.019653	0.165844	0.118039	0.296022	
L	1.368144	1.069308	1.880943	1.425772	2.536780	0.358601	1.935071	12.880768	0.122518	2.943242	0.636741	1.372492	2.386141	3.636413	
M	0.884221	0.827053	1.033386	0.620962	0.260080	0.126234	0.606386	0.617412	0.000415	0.377040	0.019658	0.858517	1.110196	0.778318	
N	0.884233	0.949885	0.671560	0.611452	0.132895	0.005397	0.614282	0.121759	0.000730	0.718331	0.480012	0.378833	0.477939	0.410034	
P	0.884575	0.948693	0.809903	0.374506	0.976870	17.727917	3.503655	0.121753	18.404901	5.171823	0.261214	3.321556	0.449147	0.657964	
Q	0.884207	0.827105	0.795769	0.732889	0.013580	0.005397	0.711148	0.000971	0.121270	0.136059	0.020114	0.286889	0.600977	0.805898	
R	0.896974	0.833158	1.405872	1.586285	5.201998	0.005401	1.201978	0.000995	0.243167	0.380075	16.911167	0.166145	0.234595	0.416751	
S	0.886088	1.309930	1.274642	0.612691	1.097433	0.247089	1.052515	0.127712	0.117885	1.701539	0.019778	1.620555	1.187011	1.592293	
T	0.998679	0.948153	1.151233	0.646236	0.254071	0.123362	0.613384	0.000983	0.000530	0.384432	0.147832	1.813677	0.842066	0.537310	
V	1.246858	1.192089	1.153459	1.698627	1.702169	0.132489	2.181929	3.944452	0.000415	1.401745	0.021261	2.314301	2.378678	3.296490	
W	1.005069	1.189437	0.819051	2.058594	0.253970	0.005397	0.122530	0.000975	0.000419	0.369939	0.146748	0.409015	0.714125	0.416670	
Y	0.886011	0.827179	1.273620	0.973295	0.736817	0.126238	0.122802	0.000971	0.000415	0.498840	0.026407	0.747652	1.687651	0.658244	
