#Q15811
A	1.170204	1.940973	0.009476	4.694253	0.000779	0.062259	2.762142	0.673878	0.300373	1.362395	1.247918	1.702177	1.236088	0.831440	
C	0.560206	0.292619	0.009475	0.007035	0.000749	0.000688	0.001069	0.000753	0.003504	0.068049	0.147530	0.284995	0.440986	0.708545	
D	0.621369	0.537126	0.068523	0.193453	0.000749	0.000688	0.612675	0.000753	0.003521	0.862907	0.757515	0.648573	0.991108	0.954396	
E	0.560206	0.658214	0.009475	1.105286	0.000749	0.000688	0.631946	0.000753	0.126373	0.560227	1.003445	0.896683	0.563507	1.025817	
F	1.109666	0.843069	0.009475	0.007036	0.247808	0.000692	0.184594	0.122981	0.248357	0.858187	1.169080	1.018888	0.988538	1.014205	
G	1.903095	2.956082	0.070826	0.511161	0.000785	0.122641	1.362018	0.069364	0.677102	1.965485	1.981871	1.261831	1.482447	0.950017	
H	0.621375	0.353779	0.192589	0.007035	0.000749	0.000688	0.226835	0.000753	0.187144	0.434747	0.453299	0.651994	0.808214	0.952931	
I	1.233039	0.780270	0.009475	0.251859	0.202158	0.000688	0.551671	5.501858	0.125931	0.985505	1.125591	1.550989	0.935332	0.929759	
K	0.560206	0.414794	0.013191	0.802129	0.062059	0.000697	0.244785	0.000753	0.003504	0.309010	0.514544	0.407512	0.440986	0.769711	
L	1.721642	1.637726	0.252768	2.102579	18.865234	0.066646	1.529199	3.572568	0.737433	1.397354	2.771283	2.181330	1.921165	1.583992	
M	0.682534	0.904198	0.009489	0.919980	0.181400	0.000690	0.979329	0.239196	0.125931	0.863139	0.759223	0.851524	1.161271	1.198023	
N	0.804863	0.474881	0.009475	0.190584	0.001003	0.000688	1.403551	0.000753	0.248198	0.812467	0.648496	0.727709	0.686674	0.773075	
P	0.865858	0.536656	0.306629	5.389119	0.246343	19.432970	1.835092	3.060478	15.717852	0.267598	0.208735	0.459134	0.701273	0.892043	
Q	0.560206	0.781831	0.191343	0.312544	0.061540	0.000688	0.620340	0.061947	0.003504	0.985302	0.758992	0.774324	0.685456	1.122874	
R	0.981905	0.778761	18.740593	0.675095	0.000827	0.061921	0.799719	0.429102	0.309043	0.861601	0.404243	0.285021	0.748892	0.830836	
S	1.293264	1.209843	0.009478	1.107730	0.062711	0.123153	3.444848	0.120126	0.433712	2.149164	1.370867	1.627381	1.122322	1.274678	
T	1.236165	0.842783	0.010895	0.417681	0.000754	0.063381	0.792255	0.796275	0.125873	0.981734	0.571990	0.978949	0.991386	0.708548	
V	1.783150	2.370675	0.009765	1.291148	0.000814	0.058756	1.771094	5.162625	0.125931	2.912849	2.104161	1.581498	1.863782	1.695164	
W	0.988254	0.842757	0.057063	0.007239	0.062037	0.000688	0.062313	0.184334	0.248355	0.866739	0.878391	0.773575	1.178593	0.769711	
Y	0.742794	0.842964	0.009997	0.007052	0.000750	0.000688	0.184525	0.000753	0.248358	0.495540	1.122829	1.335914	1.051979	1.014234	
