#Q9NZM3
A	0.984063	1.004739	1.609497	0.111969	2.442948	0.107153	0.850709	2.242772	0.021577	1.943963	1.127754	0.888096	0.869226	0.741070	
C	0.665736	0.368008	0.017521	0.005671	0.001919	0.000913	0.000478	0.012378	0.021572	0.033591	0.065478	0.145281	0.336278	0.634036	
D	0.771846	0.898583	0.017521	0.005671	0.850248	0.000913	0.000478	0.449211	0.021572	0.139735	0.166472	1.418719	0.548518	0.952333	
E	0.771846	0.792466	0.017521	0.005671	1.064757	0.000913	0.000478	1.498137	0.021572	0.352024	0.383885	2.267569	0.654638	0.740147	
F	0.773409	0.792416	0.760525	0.005671	0.214180	0.971614	0.106763	2.029084	0.022517	1.095140	3.143360	0.887760	1.079114	0.952336	
G	2.044974	2.171682	0.974907	0.111968	0.638677	0.213385	0.106894	0.431801	0.021572	0.458136	1.551415	0.996588	1.609622	0.740147	
H	0.771846	0.580244	0.125263	0.218260	0.214163	0.000913	0.000478	0.118463	0.127255	0.458162	0.171550	0.994119	0.443340	0.634036	
I	0.771846	0.686347	0.229852	0.005671	0.744601	10.618711	0.213048	0.543046	0.021572	1.413416	1.457285	0.994206	1.397413	1.164553	
K	0.877955	0.580229	0.123687	0.005671	0.001919	0.000913	0.000480	0.012401	0.127828	0.033591	0.065478	0.145281	0.336278	0.846257	
L	0.983481	1.535214	4.794748	0.213115	2.655121	0.425620	0.106763	2.135220	0.127679	5.021645	3.463203	2.480031	3.314018	2.644770	
M	0.771840	0.580248	0.123686	0.111870	0.850973	0.000914	0.215432	0.967640	0.234166	0.474439	1.656898	0.357526	1.397457	1.482923	
N	1.090166	0.474123	0.229851	0.005671	0.319917	0.000913	0.000478	0.118520	0.021580	0.245504	0.383835	0.357526	0.548518	0.740146	
P	0.665736	0.898525	0.654516	18.728302	1.699972	0.213382	17.863401	3.410751	0.129389	0.139741	0.171616	0.675894	0.442421	0.846217	
Q	0.665736	0.686349	0.017521	0.111966	0.638691	0.000913	0.000478	0.330805	0.021572	0.245863	0.171615	0.782018	0.548512	0.952373	
R	1.620320	1.016478	5.219346	0.111764	1.800699	0.000913	0.106729	0.012378	18.738212	0.139736	0.277753	0.251405	0.442520	0.740146	
S	1.408509	1.218379	0.879240	0.005681	1.487680	0.000913	0.000479	0.861103	0.021596	2.050146	1.338759	1.308415	0.972997	1.270629	
T	0.877952	0.898402	0.123686	0.005671	1.275500	0.000913	0.106755	0.225394	0.127868	1.731754	0.277747	0.463606	0.972996	0.846225	
V	1.514599	1.004674	2.241411	0.218210	2.548980	6.905520	0.106763	2.241182	0.127724	0.776455	1.447614	2.691497	2.140261	1.379188	
W	0.771846	2.808262	0.229724	0.005802	0.334989	0.108706	0.212431	0.224637	0.021602	1.833702	1.869875	1.100058	0.972921	0.740104	
Y	1.196292	1.004634	1.609978	0.005727	0.214066	0.425867	0.000484	2.135077	0.021575	1.413258	0.808407	0.794406	0.972953	0.952363	
