#Q15811
A	0.800753	0.938985	3.696330	0.161875	3.688360	0.619352	0.768559	3.243468	0.016557	2.201720	1.007425	1.658010	1.737329	0.984979	
C	0.800753	0.478484	0.009871	0.008054	0.002470	0.001424	0.000723	0.017604	0.016546	0.048433	0.086847	0.125283	0.202134	0.524486	
D	0.800753	0.478484	0.009871	0.008137	0.616555	0.001426	0.158063	0.171112	0.016550	0.048433	1.161578	0.740108	0.662861	0.984991	
E	0.954251	0.478484	0.009871	0.008058	0.921259	0.001784	0.000723	0.324915	0.016546	0.048433	0.240157	0.432341	0.355794	1.138009	
F	0.800753	0.478484	0.928217	0.008054	0.002471	0.307388	0.154574	0.942533	0.170288	0.969902	1.315134	1.199774	1.430321	0.831384	
G	1.414540	1.245975	3.386429	0.467283	0.155872	0.001424	0.154576	0.171163	0.323999	0.509462	1.006886	0.892959	0.816228	0.677983	
H	0.800754	0.631998	0.163477	0.008054	0.156053	0.001424	0.000723	0.324755	0.318046	0.816211	0.547735	0.125283	0.509179	0.524487	
I	0.800753	0.937809	0.009871	0.008054	0.923892	3.229111	0.000723	1.245935	0.324003	0.509094	1.468658	1.660559	1.886946	1.292384	
K	0.800753	0.785481	0.777899	0.008054	0.309635	2.761113	0.000723	0.171180	0.324029	0.202012	0.240383	0.431819	0.202134	0.524486	
L	1.261258	1.551488	2.460537	0.160757	1.997582	0.304093	0.308429	3.088832	2.474463	1.584500	3.767054	3.196338	2.965306	2.826563	
M	1.107006	0.938922	0.009871	0.008054	0.770458	0.155165	0.000723	0.478112	0.323955	0.815674	0.547436	1.353517	0.816220	1.138504	
N	0.957735	0.478645	0.009871	0.008055	0.309632	0.001424	0.000913	0.017604	0.016546	0.816211	0.240384	0.585892	0.660162	0.985009	
P	0.800753	0.938719	3.388876	18.618085	3.995596	0.768687	17.525300	3.088595	0.170434	0.198557	0.394080	0.278312	0.508940	0.828887	
Q	0.800753	1.397109	0.164008	0.160157	0.616801	0.001424	0.000723	0.017604	0.016546	0.201989	0.393920	0.892963	0.969747	1.292000	
R	2.175382	1.092494	2.163056	0.165456	0.771057	0.001424	0.307241	0.631899	13.239815	0.662419	0.854495	0.432353	0.660924	0.677994	
S	0.954248	0.942309	0.624280	0.008215	1.377589	0.001424	0.306724	1.859985	0.016546	2.807627	1.160236	1.660566	0.816223	0.985005	
T	0.800753	1.549140	0.163481	0.161438	0.616329	0.154922	0.000723	0.478327	0.016553	2.198128	0.397597	0.735988	0.816197	0.524486	
V	1.414746	1.553012	1.543684	0.008055	2.763446	11.684138	0.154571	2.625226	0.474352	3.421677	1.618537	2.733255	2.350925	1.752301	
W	0.952549	1.859762	0.163404	0.008054	0.002471	0.001427	0.154544	0.473712	0.785241	0.509087	2.082797	0.278819	0.816196	0.981576	
Y	0.800753	1.244217	0.317099	0.008054	0.002470	0.001424	0.000723	0.627437	0.938982	1.430432	1.468661	0.585860	0.816238	0.524486	
