#Q9NZM3
A	0.890494	0.817485	0.043529	0.046410	2.209686	0.743508	0.743601	10.287601	0.009309	1.478302	3.678930	2.949275	2.319445	0.193297	
C	0.890494	0.817485	0.043529	0.046410	0.010285	0.010626	0.010986	0.008845	0.009309	0.006480	0.009155	0.006911	0.120398	0.193297	
D	0.890494	1.547569	0.043529	0.046410	0.010285	1.476423	0.010986	0.743046	0.009309	0.006480	0.009155	0.006911	0.120398	0.193297	
E	0.890494	0.817485	0.043529	0.046410	0.010285	0.010626	0.010986	1.477247	0.743162	0.742411	0.742981	0.006911	0.120398	0.193297	
F	0.890494	0.817485	2.250503	0.046410	0.743274	0.010626	0.010986	0.743023	8.081918	0.742434	0.009155	0.006911	0.120398	0.193297	
G	1.620546	1.547564	0.043530	2.980583	2.942794	0.743505	0.010986	1.476928	0.009309	0.006480	0.009175	13.248190	0.120398	0.193297	
H	0.890494	0.817486	0.043529	0.046410	0.010285	0.010626	0.743456	0.008845	0.009309	0.006480	0.009155	0.006911	1.586429	0.193297	
I	0.890494	0.817485	0.043529	0.046410	0.743419	0.743508	0.010986	0.008845	0.009309	0.006480	0.009155	0.006911	0.120398	0.193297	
K	0.890494	0.817485	0.043529	0.046410	0.010285	0.010626	6.604521	0.008845	0.009310	0.006480	0.743130	0.742545	0.853414	0.193297	
L	0.890494	1.547569	1.515044	0.779952	0.010285	0.743485	2.208834	0.008845	3.678612	14.725738	1.476781	0.006911	0.853414	4.593497	
M	0.890494	0.817485	0.043529	0.046410	0.010285	0.743507	0.743601	0.008845	0.009328	0.742113	0.009335	0.006911	0.120399	0.193477	
N	0.890494	0.817485	0.043529	0.046410	0.743609	0.743508	0.010986	0.008848	0.743166	0.006480	0.009155	0.006911	0.853409	0.193297	
P	0.890494	0.817486	0.043529	1.513500	1.476556	0.743508	0.010997	0.008845	0.743094	0.006480	0.009179	1.478107	8.916364	0.193297	
Q	0.890494	0.817485	0.043529	0.046410	0.010285	0.010629	0.743601	0.008845	0.009309	0.006480	0.743127	0.006911	0.120398	0.193297	
R	0.890510	1.547427	0.779289	5.914653	0.010285	0.743527	1.476193	0.009041	0.743024	0.006480	2.945035	0.006911	0.853414	0.193297	
S	1.620508	0.817485	0.779307	0.046420	4.409041	5.140431	1.476214	2.945648	0.009309	0.742287	8.816807	0.006930	0.853414	2.393414	
T	0.890494	0.817485	0.043529	0.779953	5.875063	6.606561	2.941386	0.743046	0.009309	0.006480	0.743127	0.006935	0.120422	0.926354	
V	1.620528	0.817486	0.043529	0.046410	0.010286	0.010626	0.743463	0.008845	1.477023	0.742473	0.009155	0.742546	1.586281	0.926673	
W	0.890494	0.817485	14.022914	5.914753	0.010285	0.743508	0.011002	0.008845	0.009309	0.006480	0.009155	0.006911	0.120399	8.260422	
Y	0.890494	1.547588	0.043531	1.513268	0.743417	0.010637	1.476230	1.477120	3.678273	0.006483	0.009155	0.742542	0.120409	0.193297	
