#Q14847
A	0.890579	0.998923	2.354058	1.535498	2.942822	1.630694	1.430375	3.279727	0.701218	1.451000	0.224911	1.258406	0.313909	0.218162	
C	0.881510	0.785784	0.006664	0.006154	0.001518	0.001504	0.001426	0.001371	0.001956	0.021792	0.026934	0.033938	0.120229	0.215905	
D	0.881510	1.089292	0.006664	0.007663	0.001519	0.103727	0.001447	0.001432	0.206871	0.021814	0.026934	0.544731	0.519093	0.836863	
E	0.881510	0.889330	0.006668	0.006154	0.001525	0.305920	0.001465	0.727811	3.257210	0.129670	0.026966	0.035808	0.121193	1.302105	
F	0.881510	0.785784	0.675689	0.097588	0.001520	0.002409	2.655093	0.001385	0.005050	0.021841	0.429351	1.044695	0.318820	0.319774	
G	1.789796	0.912376	9.788697	0.817754	0.001563	2.553087	0.522589	1.330834	0.267854	0.950922	0.639467	1.560184	1.051576	0.320578	
H	0.980683	0.785784	0.006666	0.006415	0.102417	0.001504	0.001426	0.001371	0.104096	0.021792	0.026934	0.033938	0.222344	0.829255	
I	0.881510	0.785784	0.118690	0.207713	0.820930	0.719063	0.410349	0.202176	0.001956	0.227560	0.029729	1.974001	0.732539	0.318826	
K	0.881510	0.785784	0.009457	0.108430	0.001518	0.001513	0.307687	0.001371	7.157797	0.022219	0.026934	0.237307	0.120248	1.033420	
L	0.881510	1.092142	1.121015	1.232021	2.841133	1.780166	4.202890	1.420902	0.306540	0.225452	1.453052	2.879967	2.060137	3.883632	
M	0.881513	0.785784	0.108205	0.104887	0.103725	0.619990	0.102568	0.104344	1.124406	0.532948	0.027228	0.749616	3.374273	0.727535	
N	0.881510	0.785784	0.006664	0.006154	0.511721	0.001559	0.001682	0.001382	0.303266	0.021792	0.027324	0.035924	1.647132	0.317582	
P	0.993392	0.889335	0.312235	13.403559	6.528707	0.709080	2.543047	5.712921	0.647693	1.307836	0.539449	0.137491	0.380060	0.215918	
Q	0.881510	0.785784	0.013462	0.730565	0.127723	0.001723	0.001426	0.875378	1.223840	0.223983	0.027137	0.238384	0.320970	6.344737	
R	1.495151	1.707181	1.223007	0.713437	2.657051	2.351633	3.828556	0.001429	2.431711	4.006880	0.536845	1.143706	2.469766	0.319983	
S	1.388526	2.090187	1.020044	0.319642	0.500755	0.307946	3.369044	0.921829	0.002524	5.226780	1.807768	0.036762	4.111965	0.624646	
T	1.002188	1.188515	0.209679	0.677253	0.710539	2.248623	0.412183	0.916123	1.745858	5.111497	0.027250	0.333481	0.426964	0.216484	
V	0.881510	1.083359	2.346645	0.006154	2.025993	6.237545	0.001443	4.495174	0.411984	0.023205	0.331321	7.142495	0.734069	1.425845	
W	0.881557	0.885088	0.560709	0.006160	0.115754	0.418935	0.203808	0.001516	0.096001	0.329058	13.520485	0.135817	0.732287	0.215958	
Y	0.881510	0.888001	0.105080	0.006795	0.001566	0.003379	0.001497	0.001528	0.002169	0.121961	0.243981	0.443347	0.222425	0.312793	
