#Q14847
A	0.130322	0.449086	1.297049	3.817251	1.698111	12.298540	0.004590	0.005409	3.391412	0.003337	2.121561	0.005788	0.873522	
C	0.130322	0.025229	0.024316	0.004291	0.004867	0.003781	0.004590	0.005409	0.005314	0.003337	0.005464	0.005788	0.873522	
D	0.130322	0.025229	0.024316	0.851742	0.851868	0.003783	0.004590	0.005409	0.005314	0.003337	0.005464	0.428924	1.294339	
E	0.130322	0.025229	0.024316	0.004298	0.005040	0.003781	0.004590	0.851951	0.005314	0.003337	1.274674	0.005788	1.717519	
F	0.130322	0.025231	0.024316	0.851786	1.274798	0.851710	1.699065	0.005409	0.428644	0.003337	0.005464	3.390822	0.873522	
G	0.130322	0.871722	0.024316	0.851781	0.851865	0.003828	0.427638	0.005409	0.428626	0.003337	3.813923	1.698306	0.873522	
H	0.130322	0.025229	0.448557	0.004293	0.004867	0.003781	0.004590	0.428673	0.005314	0.003339	0.005464	0.005788	0.873522	
I	0.130322	0.025229	0.024316	0.429249	0.851898	0.003781	0.004590	0.005409	0.428050	0.851066	0.005470	6.775779	1.294772	
K	0.130322	0.025229	0.024316	0.004308	0.004867	0.003781	0.428210	9.316982	0.005314	0.427493	0.851388	0.005791	0.873522	
L	16.251218	2.991370	0.024316	0.428042	0.851862	0.427763	0.851065	1.698471	0.853006	2.123562	1.274053	1.696984	1.295530	
M	0.554541	0.025229	0.024316	0.004291	0.004867	0.003781	0.004590	0.851940	0.005315	0.003337	1.275175	0.851687	0.873522	
N	0.130322	0.025229	0.448556	0.004291	0.428369	0.003781	0.004590	0.428661	1.275227	0.003337	0.005464	0.852056	1.294957	
P	0.130329	1.297900	15.718650	0.004465	1.275394	4.665755	1.699092	0.005409	1.275250	0.003337	0.005464	0.005788	0.873526	
Q	0.130322	0.025229	0.024316	0.004308	0.004867	0.428333	0.004590	1.275090	0.005331	0.003337	0.853101	0.005788	0.873522	
R	0.554542	12.739955	0.024316	0.428038	0.004867	0.850948	0.004597	2.120972	0.005318	0.004501	0.428713	0.005788	0.873522	
S	0.554540	0.872914	0.872797	0.427462	0.004884	0.003781	11.865357	0.851396	7.200353	1.699932	0.005464	0.428926	0.873569	
T	0.130322	0.025229	0.024316	0.004291	0.004868	0.003781	0.851825	2.121767	4.660954	0.003337	0.005464	0.005810	0.873522	
V	0.130322	0.025229	0.024316	11.867233	11.438605	0.427748	0.851846	0.005409	0.005314	0.003342	8.047298	3.390882	0.873522	
W	0.130324	0.449072	0.449722	0.004291	0.428369	0.003781	0.004590	0.005409	0.005314	14.423339	0.005464	0.427728	0.873522	
Y	0.130322	0.025229	0.448557	0.004291	0.004867	0.003781	1.275400	0.005414	0.005314	0.426725	0.005464	0.005788	0.873522	
