#P06239
A	0.950007	1.783858	2.179135	0.004344	2.715238	0.001703	0.139716	2.569295	0.246559	2.061943	1.222192	1.362470	1.312128	0.867217	
C	0.663485	0.396406	0.024971	0.002785	0.002299	0.001337	0.005883	0.031594	0.060018	0.087723	0.131393	0.194119	0.336970	0.604062	
D	0.761733	0.663875	0.052864	0.004175	0.830913	0.001340	0.075946	0.975178	0.254392	1.005272	0.553809	0.687360	0.823741	0.844911	
E	0.812725	0.832256	0.064063	0.003261	1.395801	0.001348	0.030117	0.952204	0.121672	0.626914	0.725978	0.956939	0.932361	0.821082	
F	0.736043	0.485157	0.119199	0.191832	0.008780	0.248802	0.006017	1.396806	0.199385	0.698306	1.545704	1.084997	0.743630	0.990256	
G	1.475263	2.385712	0.320461	0.015628	0.485286	0.027039	0.114189	0.608483	0.280094	1.422200	1.273309	1.389821	1.501270	1.017691	
H	0.663485	0.514600	0.075220	0.026174	0.147546	0.001680	0.073975	0.561352	0.095165	0.408662	0.415043	0.492013	0.516663	0.821580	
I	0.735540	0.735342	0.820953	0.047477	0.514866	1.417505	0.005884	0.800132	0.131068	1.079335	0.982759	1.024871	1.380389	1.057503	
K	0.685456	0.798663	0.750653	0.002813	0.726023	0.001338	0.005884	0.101740	0.267236	0.160447	0.155574	0.307324	0.523233	0.604062	
L	1.034054	1.442720	4.901744	0.202410	1.325846	15.707120	0.218890	2.115629	0.798783	2.051076	3.383729	2.475215	2.623740	1.866966	
M	0.781032	0.682549	0.301115	0.020781	0.915337	0.184237	0.031847	0.839239	0.230705	0.788651	1.074120	1.081568	1.188826	1.074038	
N	0.736020	0.587220	0.040097	0.002787	0.409489	0.001338	0.074810	0.258268	0.192766	0.786492	0.343701	0.555859	0.584410	0.821453	
P	0.799165	1.172050	0.950429	17.983172	1.639064	0.228924	18.670639	1.372785	0.381042	1.318428	0.645706	0.434711	0.633544	0.747392	
Q	0.757121	0.635648	0.116432	0.004742	1.272842	0.001338	0.005928	0.432505	0.201176	0.281328	0.404634	0.868192	0.797661	1.190798	
R	3.764209	1.311169	4.692557	0.489061	1.624295	0.025081	0.097394	0.165937	14.408077	0.284831	0.359564	0.370924	0.433696	0.662456	
S	1.140791	1.370862	0.644016	0.087290	2.269416	0.100490	0.254025	1.685481	0.518778	1.527138	1.195236	1.628231	1.245802	1.391722	
T	0.918029	0.879297	0.662566	0.026119	1.632724	0.125381	0.070677	0.590814	0.241415	1.505176	0.760728	0.633789	0.841575	0.986822	
V	0.980524	1.901309	3.082073	0.003405	1.919869	1.861785	0.082223	2.546397	0.431544	2.818401	2.043379	2.485794	2.029249	1.815014	
W	0.800123	0.688166	0.092301	0.877811	0.069497	0.060843	0.005888	0.858975	0.681861	0.351199	1.388807	0.847849	0.702355	0.800060	
Y	0.805195	0.733138	0.109151	0.003933	0.094867	0.001371	0.030067	1.137185	0.258266	0.736477	1.394637	1.117955	0.848757	1.014915	
