#P06239
A	0.528374	2.842325	1.377752	0.095468	2.354779	0.245647	0.636881	0.968882	1.022765	1.842729	1.377400	0.997424	1.123043	0.857208	
C	0.337741	0.241957	0.043025	0.022430	0.006151	0.003493	0.018958	0.096756	0.194636	0.296521	0.398103	0.512401	0.663503	0.759525	
D	0.418154	0.436744	0.105669	0.022532	1.329718	0.003494	0.265191	0.692258	0.990598	1.033209	1.110305	0.601818	1.086478	0.773991	
E	0.402187	0.762131	0.119767	0.022635	0.542760	0.003648	0.335487	0.938290	0.514388	0.598329	0.903294	1.000978	0.955282	0.779394	
F	0.416813	0.324127	0.111852	0.022555	0.166724	1.049055	0.106669	0.692936	0.676081	0.643215	1.463615	0.610397	0.815641	0.990160	
G	0.891051	1.092161	0.453430	0.479392	0.722170	0.003730	0.581860	1.745698	1.181981	1.273487	1.398924	1.560358	1.770580	0.925469	
H	0.337741	0.295073	0.122868	0.022704	0.236951	0.003613	0.331072	0.534926	0.360105	1.009122	0.483405	0.752670	0.742988	0.841081	
I	0.359942	0.803194	0.454553	0.194585	0.171972	2.619453	0.021424	1.071172	0.561893	1.126200	0.576641	0.688820	1.389114	1.460707	
K	0.408886	0.957722	0.045831	0.025118	0.431885	0.003567	0.114522	0.335606	0.452201	0.298478	0.398366	0.673093	0.828043	0.759525	
L	0.571322	1.987958	11.431125	0.520669	1.499203	10.790344	0.658755	1.545053	2.611639	2.227337	1.917304	2.141856	0.972465	1.635463	
M	0.491532	0.343560	0.234817	0.099922	1.260460	0.835319	0.099189	1.338286	0.517755	0.988850	1.004235	1.246166	0.967941	0.955977	
N	0.338978	0.329452	0.053086	0.022432	0.589266	0.003493	0.581666	0.726830	0.686537	0.811421	0.731424	0.555971	1.064734	0.846483	
P	0.489602	2.033569	0.298202	15.280139	1.928223	0.400271	13.810229	0.406646	1.210366	1.223014	0.886776	0.604398	0.844474	0.839080	
Q	0.470954	0.576823	0.241687	0.022458	1.099117	0.003494	0.022457	0.356592	0.380236	0.314653	0.491517	0.980908	0.727027	1.185122	
R	11.022827	1.291445	1.347438	2.373990	0.771023	0.184619	0.422515	0.656582	1.799288	0.716592	0.753646	0.853241	0.666028	0.847384	
S	0.430548	1.216497	0.870394	0.023990	3.514725	0.129063	0.871608	1.573085	1.698123	0.924154	1.056474	1.211330	0.965564	1.089451	
T	0.490353	1.011585	0.367559	0.259157	1.572957	0.401939	0.421056	0.853735	0.922573	1.706342	0.812756	0.584568	1.286222	1.078454	
V	0.614121	2.860381	1.919090	0.100450	1.648808	2.759284	0.431629	3.434932	1.624793	1.978402	2.509237	2.253208	0.939520	1.615622	
W	0.439392	0.338074	0.266137	0.366645	0.146917	0.312110	0.169467	1.360916	1.572592	0.454998	0.871452	1.065609	0.931540	0.978567	
Y	0.539479	0.255224	0.135716	0.022729	0.006192	0.244364	0.099365	0.670818	1.021450	0.532945	0.855127	1.104787	1.259812	0.781337	
