#P07948
A	1.150154	0.947301	1.838369	1.960417	0.030710	2.940961	0.176931	0.107606	1.728048	0.487179	1.684931	1.186518	1.026407	0.942872	
C	0.798739	0.547004	0.280885	0.002863	0.000859	0.000444	0.000068	0.000415	0.000541	0.002405	0.014803	0.026216	0.201774	0.453511	
D	0.855944	0.705926	0.625875	0.015497	0.007853	0.784129	0.000070	0.044316	1.048677	0.249409	1.047049	0.636868	0.833812	0.888603	
E	0.880253	0.683176	0.671943	0.036311	0.007777	0.969417	0.000068	0.013753	0.979401	0.279246	0.941192	0.812135	0.839921	0.837102	
F	0.898194	0.686249	0.708836	0.725389	0.005974	0.224636	0.077322	0.017124	1.387533	0.167223	0.839185	1.359174	1.134987	1.085017	
G	1.245879	1.685325	1.795039	2.531740	0.074869	1.024503	0.021935	0.137647	1.234481	0.498789	1.412530	1.226760	1.197921	1.226584	
H	0.830263	0.579636	0.438850	0.046861	0.001155	0.247208	0.000104	0.075074	0.435956	0.619512	0.440750	0.351351	0.416695	0.619840	
I	0.961971	0.686536	0.677978	0.446917	0.057727	0.552890	2.470669	0.030111	0.895755	0.343120	0.799915	1.197471	1.161705	1.142745	
K	0.827018	0.625268	0.629444	0.237263	0.007293	0.507590	0.015337	0.008160	0.074831	0.135331	0.102862	0.076336	0.331650	0.524033	
L	1.073558	1.114396	1.676535	5.485567	0.198707	2.022733	10.534300	0.046349	1.767949	0.520443	2.146811	2.734920	3.000613	2.060422	
M	0.919076	0.787563	0.795874	0.395719	0.055465	1.025669	0.099583	0.036251	0.696502	0.377414	0.879536	0.985686	0.917059	1.137975	
N	0.876163	0.702141	0.623660	0.137498	0.001052	0.676142	0.000072	0.053013	0.572563	0.194545	0.783314	0.330342	0.578199	0.700155	
P	0.867240	0.899364	1.112940	0.478831	19.036804	0.804389	0.314651	18.970168	0.569697	0.262023	0.744385	0.459664	0.435129	0.671723	
Q	0.887438	0.642393	0.602106	0.146551	0.035595	0.661666	0.000118	0.012591	0.473116	0.137964	0.302139	0.495615	0.775458	0.731711	
R	1.594883	4.317843	1.446030	2.427120	0.319270	1.539112	0.074548	0.128509	0.356193	13.795868	0.727440	0.186313	0.433086	0.581658	
S	1.087175	1.118649	1.600226	1.353975	0.035485	2.065247	0.035370	0.143875	1.931951	0.460449	1.693233	1.531413	1.510847	1.270628	
T	0.986602	0.794072	0.858506	0.338501	0.025068	1.095920	0.300859	0.066262	0.858889	0.290862	0.998839	0.800126	0.707639	0.831205	
V	1.235772	1.002660	1.798261	1.911840	0.027427	2.649147	5.867732	0.078490	2.755450	0.532379	2.033760	2.377852	2.310800	2.216468	
W	1.029809	0.814179	0.936937	0.341548	0.027903	0.078208	0.001082	0.000516	1.019196	0.244339	1.168306	1.519849	1.002206	1.028967	
Y	0.993868	0.660318	0.881704	0.979593	0.043005	0.129989	0.009179	0.029772	1.213271	0.401499	1.239019	1.705392	1.184090	1.048781	
