#P80192
A	0.777854	1.126798	1.108526	2.235633	0.299178	9.119213	1.659225	1.662083	0.003839	1.122027	0.017041	1.137716	0.778585	
C	0.225694	0.004169	0.002745	0.003944	0.003356	0.003459	0.003719	0.002779	0.003839	0.016682	0.017036	0.030637	0.778585	
D	0.501773	0.555665	0.002745	2.764791	0.003356	0.003459	0.003719	0.002779	0.003839	0.016682	0.017036	0.030637	0.778585	
E	0.777460	0.004169	0.002745	0.280029	0.279609	0.003459	0.003719	0.279188	0.279946	0.016921	0.293352	0.306991	0.778585	
F	0.225695	0.280213	0.555581	0.556117	0.003356	0.003464	0.003719	0.002779	4.697783	1.417014	0.846132	0.306997	0.778585	
G	9.084395	0.556181	0.279164	1.384368	0.003356	0.555898	0.833824	2.213492	0.003840	0.018398	0.017036	0.030643	1.605541	
H	0.501773	3.316449	0.279138	0.280029	0.279604	0.279664	0.003719	0.279187	0.304370	0.016682	1.122182	0.306865	1.054260	
I	0.225694	0.280193	0.002745	0.558525	0.279599	0.279322	0.280443	0.002779	1.938378	0.016683	1.122425	0.582819	0.778585	
K	0.777730	0.004169	0.002745	0.003944	0.003356	0.003459	0.556000	0.002779	0.003839	0.016950	0.017036	0.030667	0.778585	
L	0.501782	6.350808	1.384780	1.384207	1.108133	1.383660	0.003728	0.003392	5.248991	0.293073	11.109861	12.761760	0.778590	
M	0.225694	0.004169	0.002745	0.280024	0.003357	0.003459	0.279867	0.002783	2.212754	0.016682	0.017036	0.331444	1.328587	
N	0.225694	0.280195	0.002745	0.003944	0.003356	0.003500	0.003719	0.002779	0.003839	0.016682	0.017036	0.030637	0.778585	
P	0.225694	0.834363	13.037846	0.850473	9.120107	0.876592	1.679759	2.490451	0.003839	0.293071	0.569608	0.583346	0.778585	
Q	0.225694	0.832163	0.279162	0.280029	0.003356	0.279678	0.832035	0.279223	0.003839	0.293043	1.674753	0.583291	1.054249	
R	1.055365	1.660773	0.555632	0.003944	0.555847	0.003459	3.591818	11.653757	0.003861	0.016682	0.293311	1.136055	1.054277	
S	0.225694	0.280192	1.384303	0.280041	3.870828	1.936947	0.280514	0.002792	1.403861	11.371356	0.845867	0.306915	0.778585	
T	0.777825	0.280195	0.555581	0.280100	1.935161	1.382825	7.459962	0.002779	0.279950	0.845782	0.294961	0.306992	2.727172	
V	2.710412	1.408640	0.555581	7.733716	0.304636	3.043511	2.236921	0.002779	1.383808	0.016685	1.673953	1.134308	0.778588	
W	0.226305	0.004169	0.002745	0.003944	0.279602	0.003459	0.003720	0.279189	1.935189	3.608837	0.017303	0.030637	1.054303	
Y	0.501773	1.936328	0.002745	0.832199	1.660846	0.831513	0.279868	0.832228	0.280399	0.570067	0.017036	0.030642	0.778585	
