#Q12965
A	1.952156	0.864472	1.625895	1.202444	0.014155	3.203763	0.000366	0.448818	3.286312	0.894753	0.000436	0.973896	1.281091	1.459706	1.341563	
C	0.701871	0.524105	0.376625	0.220363	0.014154	0.001375	0.000366	0.000300	0.001510	0.001006	0.000407	0.170466	0.299859	0.477622	0.625084	
D	0.791179	0.613409	0.555254	0.309657	0.014154	0.178034	0.000366	0.000300	1.610660	0.090274	0.000414	0.706406	0.924960	0.656236	0.892970	
E	0.880481	0.702697	0.465912	0.488179	0.103516	0.537083	0.000366	0.000300	0.894170	0.001006	0.000407	0.616827	0.657038	0.745122	0.714393	
F	0.791181	1.057182	2.237019	1.827962	0.014156	0.001375	0.625327	0.000300	0.716145	0.178004	0.000407	1.318340	0.913233	1.280241	0.892994	
G	1.683762	1.595589	1.716156	1.917315	0.639495	0.449249	0.000532	0.000302	0.805265	0.269136	0.090353	2.222573	1.638366	1.280277	1.605966	
H	0.701871	0.702727	0.465940	0.845439	0.191044	0.180045	0.089596	0.089739	0.180171	0.001006	0.268694	0.617446	1.014291	0.921673	0.893086	
I	0.701871	0.613382	1.180300	0.755294	0.103529	0.090716	0.000366	0.000301	0.090838	4.364902	0.089657	0.705387	1.547960	1.192031	0.982111	
K	0.701871	0.702730	0.377320	0.577566	2.070176	0.358747	0.000366	0.000300	0.269481	0.090359	0.000415	0.438262	0.299859	0.566933	0.714386	
L	1.415925	2.309755	2.072947	1.289983	0.016203	1.608400	17.576315	0.179178	2.323566	8.035270	0.269674	1.690175	2.174726	1.641596	2.055390	
M	0.791481	0.702717	0.898612	0.845058	0.106163	0.984097	0.000366	0.000300	0.894895	0.537166	0.000407	0.705932	1.457069	0.836195	0.803311	
N	0.791157	0.689621	0.465915	0.666739	0.179867	0.090708	0.000414	0.000300	0.537545	0.001006	0.000407	0.795618	0.478414	0.656228	0.714384	
P	0.863287	0.613417	0.733812	0.577336	0.372037	5.791607	0.358810	18.297880	1.609914	0.269976	17.516186	0.526854	0.656267	0.566874	0.714394	
Q	0.880143	0.702729	0.376625	0.398990	0.014154	1.251440	0.089732	0.176599	0.358792	0.001006	0.179343	0.438474	0.746236	0.834709	0.625084	
R	1.235209	2.309422	1.269594	1.459930	15.450363	1.779665	0.179219	0.179179	1.145918	0.001006	0.356506	0.706174	0.566820	0.477622	0.714346	
S	1.237563	1.416126	1.711363	0.845069	0.103551	1.252041	0.000401	0.266978	3.665044	0.090323	0.792746	2.223872	1.195351	1.105153	1.159681	
T	1.059087	0.791973	0.554758	1.111119	0.193039	0.448658	0.089799	0.358022	0.804272	0.359464	0.179762	0.976699	0.567755	0.925352	1.071490	
V	1.059005	1.237583	1.448163	1.379548	0.014576	1.611548	0.986493	0.000302	0.713047	4.452565	0.074114	2.396968	1.102049	2.260964	1.784814	
W	1.059027	0.971153	0.555038	1.293114	0.192748	0.090628	0.000436	0.000300	0.001677	0.268810	0.089827	1.420556	1.285731	0.745485	0.801596	
Y	0.701871	0.879210	0.912753	1.988898	0.192922	0.090820	0.000366	0.000300	0.090779	0.092958	0.089837	0.349075	1.192924	1.369979	0.892957	
