#A6NI72
A	1.086703	1.000222	1.341676	0.659061	1.356675	0.041618	3.277676	4.050603	0.001237	0.256817	0.783770	0.724736	0.926943	0.509955	1.427807	
C	0.583480	0.494981	0.330666	0.153628	0.093016	0.041609	0.003567	0.002953	0.001237	0.002461	0.054700	0.219042	0.421383	0.509902	0.674212	
D	0.836243	1.253086	0.831387	1.164543	0.851159	0.041610	0.003567	0.509479	0.001254	0.002461	0.560327	0.471813	0.421383	0.762669	0.926721	
E	0.583480	0.744879	0.330666	0.403629	0.345305	0.294581	0.003567	0.256235	0.001568	0.002461	0.307618	0.219042	0.421383	1.268002	0.674212	
F	0.583938	0.494981	1.594491	2.173104	0.848593	2.571365	0.762382	0.002953	0.001237	0.002462	0.054700	2.457857	0.674150	1.516461	0.674265	
G	2.099572	1.506051	1.594546	2.430351	1.862256	0.041650	1.266137	1.491546	0.758115	0.002469	2.331237	1.734432	0.673654	1.014969	1.175592	
H	0.836240	0.747723	0.833482	0.153628	1.357027	0.290688	0.256673	0.256216	0.001243	0.002461	0.054700	0.977553	0.673478	0.509902	0.674212	
I	0.583480	0.747530	1.088340	0.659126	0.594850	2.063953	1.016032	0.002953	0.001238	10.130845	1.572039	0.219087	1.176884	1.520979	0.913930	
K	0.583637	0.747659	0.583446	0.406450	0.851570	0.042200	0.003568	0.002960	17.461772	0.255079	0.054700	0.471718	0.674082	0.762283	0.674212	
L	1.089017	1.505382	1.338290	1.164703	0.345817	3.580694	0.758967	0.252702	0.002223	5.822584	3.081703	1.229934	1.433062	1.771391	2.160680	
M	0.836208	0.998256	0.330668	0.658770	0.341857	0.800780	0.003567	1.015798	0.758370	0.985577	1.319181	0.976698	1.182041	1.238541	1.179171	
N	1.341033	1.249769	0.836173	0.658376	0.345824	0.294482	0.509556	0.003912	0.254607	0.002461	0.813432	0.724780	0.926912	0.509906	0.926949	
P	0.583481	0.495033	1.340887	0.403172	1.577716	0.785302	7.836474	9.855910	0.001372	0.509229	2.059837	0.471747	0.673921	0.509907	0.674212	
Q	0.583520	0.494982	0.583441	0.153628	0.345828	0.547387	0.004157	0.002953	0.001355	0.002461	0.307665	0.974938	0.897243	0.762342	1.431266	
R	2.098876	0.748725	0.330741	0.403907	2.101137	0.041610	1.522145	0.252526	0.001515	0.252168	0.056726	1.230168	1.918732	0.762637	0.926953	
S	1.341207	1.000637	1.594562	1.923664	1.357827	0.041762	0.761293	1.015582	0.001290	0.004162	0.811004	3.505075	1.937107	1.013719	0.925196	
T	0.833329	0.999864	1.596022	0.154693	1.357019	0.041609	0.762793	0.002953	0.254065	0.002461	0.559577	0.471889	0.421388	0.509903	0.926966	
V	1.341414	1.253247	1.088983	0.912500	2.111611	0.547002	0.482494	0.256240	0.493785	1.755515	4.604207	0.219042	2.443592	1.520961	1.432427	
W	1.341769	2.769239	1.846423	3.438410	1.356974	3.804936	0.003612	0.002953	0.001279	0.002461	0.054783	0.725581	0.923263	1.014730	0.674213	
Y	0.833372	0.747755	0.585109	1.924657	0.597939	4.085161	0.761775	0.762573	0.001237	0.003402	0.558097	1.974868	1.179398	2.010838	0.926805	
