#P16333
A	0.872276	1.224300	2.690488	0.587798	2.879523	0.228999	0.118115	2.249125	0.246868	0.562113	0.003232	0.749729	1.024557	
C	0.759807	0.433809	0.104942	0.025277	0.013985	0.001912	0.000330	0.001939	0.000953	0.001220	0.001357	0.055603	0.242318	
D	0.876714	0.882945	0.442981	0.025334	0.701816	0.001912	0.000330	0.452140	0.209651	14.661075	0.232982	0.839267	0.950692	
E	0.761634	0.660200	0.441841	0.365734	1.251241	0.001912	0.000565	0.683661	0.000960	0.336846	0.001697	1.497519	0.686095	
F	1.109499	0.667767	0.901713	0.025626	0.126228	0.330467	0.000331	1.575024	0.000967	1.128120	0.554747	1.294886	1.136848	
G	1.316127	2.561737	3.544344	0.370641	1.104225	0.010654	0.000338	0.559493	0.237393	0.111822	0.002387	0.852310	1.026742	
H	0.761043	0.669598	0.441103	0.035038	0.126316	0.001912	0.000330	0.228973	0.001858	0.563484	0.001573	0.504765	0.354547	
I	0.872257	0.557152	0.217257	0.817491	1.025735	1.805484	0.000338	2.149005	1.716693	0.226027	0.112796	1.181452	1.139781	
K	0.872024	0.547571	0.658629	0.027669	0.352233	0.114270	0.000331	0.001967	0.787359	0.001222	0.001369	0.167913	0.242361	
L	1.106730	1.330721	2.033814	2.282735	1.811659	9.065719	0.108408	2.263742	0.001012	0.115072	0.340038	3.848109	2.677078	
M	0.801214	0.994991	0.443605	0.703093	1.356914	0.001969	0.000330	0.566466	0.343351	0.115126	0.116875	1.290053	1.252546	
N	0.872120	0.882780	0.225467	0.137636	0.126260	0.001912	0.000330	0.226609	0.000955	0.080532	0.118810	0.168321	0.803417	
P	1.209708	0.882715	2.030131	12.386991	1.283653	0.452138	18.853144	2.156222	0.354481	0.923650	0.003336	0.285237	0.588276	
Q	0.872026	0.581543	0.217338	0.025288	1.135864	0.001912	0.000331	0.112554	0.113339	0.001220	0.038776	0.504559	0.804701	
R	1.657567	0.872454	1.564732	0.620875	1.467710	0.001923	0.337471	1.135838	13.125548	0.001221	0.324088	0.172255	0.578972	
S	0.990783	1.220736	1.253630	0.027340	1.142715	0.002153	0.232906	0.453157	0.000993	0.474297	0.011271	0.843426	0.916037	
T	0.984299	0.763703	0.668225	0.440037	1.702163	0.451530	0.120189	0.937462	0.000957	0.126871	0.015155	0.839769	0.803307	
V	1.123512	1.553854	0.885938	0.812834	2.138142	7.181714	0.225221	3.342063	2.854439	0.227289	0.121882	2.628175	3.270845	
W	1.420655	1.375022	0.444252	0.143041	0.238613	0.226970	0.000330	0.342784	0.001016	0.115037	3.375493	0.729568	0.698668	
Y	0.760004	1.336401	0.789570	0.139522	0.015004	0.114540	0.000331	0.561776	0.001208	0.227755	14.622136	1.547085	0.802213	
