#P16333
A	1.465849	2.846397	0.448611	2.294925	1.839331	0.566940	2.027657	0.000057	0.655133	2.364161	0.288161	0.115287	1.034906	
C	0.619025	0.144006	0.019398	0.010275	0.000467	0.000211	0.000303	0.000056	0.000297	0.000329	0.005321	0.008964	0.381332	
D	0.749295	0.274555	0.093930	0.327034	0.000474	0.019013	0.429009	0.000056	0.279693	1.036914	0.005623	0.027594	0.623552	
E	0.916521	0.430072	0.075277	0.780285	0.036222	0.056123	0.836483	0.000057	0.072312	2.304085	0.005329	0.011761	0.530290	
F	0.749632	0.619526	0.075365	0.479561	0.113109	0.934871	0.352460	0.000082	0.492124	0.623123	0.058700	0.671771	1.201274	
G	1.865837	2.814900	0.461847	0.764007	0.051984	0.351753	0.375566	0.125458	1.396874	1.412710	0.146054	0.046332	1.451489	
H	0.823986	0.236886	0.076564	0.140640	0.037714	0.093397	0.205294	0.057297	0.242560	0.391585	0.005643	0.032800	0.548945	
I	0.783870	0.758818	0.578512	0.843663	1.841241	0.131176	1.826768	0.036507	1.043890	0.700639	0.062049	0.833767	1.256857	
K	0.749371	0.447353	0.038157	0.457341	0.556466	0.074760	0.149247	0.018870	0.073934	0.056234	0.005504	0.046793	0.567662	
L	1.106542	1.875353	1.500170	2.142390	2.420541	2.136060	2.513729	0.414699	1.834971	2.700357	0.264054	15.390279	3.210838	
M	1.050459	0.445552	0.540160	0.595776	0.149136	0.745579	0.789741	0.258328	0.487435	0.463406	0.078578	1.002387	1.095478	
N	0.656291	0.330319	0.019398	0.364799	0.019103	0.112035	0.261190	0.000056	0.354347	0.181460	0.023099	0.046096	0.474489	
P	0.768074	1.264215	13.685375	1.049705	4.229409	11.619371	2.437958	0.537063	0.205706	0.391367	0.314685	0.218661	0.456397	
Q	0.730701	0.404796	0.187135	0.698209	0.056364	0.167986	0.447478	0.018698	0.093465	0.503356	0.005321	0.064808	0.669494	
R	1.325978	1.787104	0.393715	1.935962	1.485292	0.298141	0.316578	18.365098	0.364001	0.331268	0.969075	0.063305	0.674941	
S	1.261768	1.349023	0.200640	1.756554	0.143670	0.836969	0.839471	0.018732	3.559735	2.437092	17.457375	0.231407	0.999605	
T	0.900996	0.857791	0.224372	1.313576	1.105097	0.282226	1.033244	0.074171	4.501752	1.360166	0.109456	0.027972	0.789919	
V	1.607359	2.248667	1.100337	3.265194	5.500359	0.415307	4.930375	0.000062	2.827726	1.603592	0.012108	0.730112	2.077479	
W	1.063076	0.312519	0.093916	0.452766	0.079553	0.244805	0.056443	0.055975	0.451525	0.727519	0.079629	0.197506	0.903481	
Y	0.805368	0.552146	0.187119	0.327336	0.334469	0.913276	0.171004	0.018679	1.062520	0.410636	0.104236	0.232399	1.051572	
