#P16333
A	0.936425	1.138695	0.732582	0.559454	3.308466	0.014638	0.128918	3.517280	0.679100	0.092437	1.507130	1.204381	1.025329	
C	0.467214	0.280895	0.181803	0.034844	0.023912	0.014471	0.011886	0.009961	0.000428	0.003458	0.104106	0.300209	0.533446	
D	0.737800	0.586290	1.385116	0.269876	1.076358	0.014840	0.011888	1.764329	0.032161	0.093374	1.010789	1.082060	1.474880	
E	0.587276	0.492246	0.775389	0.203100	1.506260	0.048309	0.045599	1.724970	0.410928	0.305623	0.886634	1.315655	1.305366	
F	1.785649	0.715261	2.844714	0.404525	0.089966	0.020880	0.011887	0.199748	0.310519	0.069901	0.751425	0.898701	0.798202	
G	1.385861	2.627005	0.724968	2.163636	1.080663	0.108031	0.014040	0.751546	0.251448	0.411763	1.957194	1.406327	1.150890	
H	0.669223	0.679994	0.414643	0.298684	0.254311	0.014487	0.045379	0.119179	0.061441	0.095151	0.545704	0.709169	0.778911	
I	0.804400	0.614617	0.330815	0.076027	0.293536	0.014955	0.045048	0.270116	3.239370	0.105476	1.257097	0.840625	0.674815	
K	0.469621	0.317823	0.284935	1.125704	0.461559	0.014476	0.045065	0.447432	0.000463	0.003519	0.307356	0.340962	0.668306	
L	1.477422	0.837612	1.395234	0.515916	0.924353	18.609742	0.124533	1.529273	7.137774	0.059975	1.715889	1.326462	1.543243	
M	0.992611	0.695494	1.449761	0.337760	0.473543	0.015668	0.011886	1.190534	0.206789	0.117505	1.008305	0.995953	0.937318	
N	0.607685	0.449324	1.382132	0.304909	0.306568	0.015411	0.011886	0.571127	0.061513	0.044134	0.605397	0.638393	0.891599	
P	0.820357	0.521327	0.555741	1.470612	4.969910	0.405712	18.907627	2.261931	0.624741	17.600357	0.360588	0.585779	0.916393	
Q	0.568568	0.371293	0.486621	0.173082	0.598000	0.014471	0.139503	0.737839	0.101944	0.039223	0.758413	0.815414	0.870758	
R	0.875030	0.811506	0.618312	6.018248	0.666620	0.113541	0.239053	0.613335	0.209805	0.017879	0.641159	1.045594	0.709867	
S	1.064139	1.452794	1.415361	1.109079	1.370604	0.183432	0.090336	2.683598	0.179627	0.422027	1.419763	1.404231	1.406630	
T	0.698235	0.718552	0.755249	0.210142	1.371572	0.014797	0.045602	0.435232	1.005714	0.129433	0.864462	0.834751	0.804156	
V	1.130293	1.364325	0.618327	0.176437	1.033493	0.166720	0.011912	0.915965	5.078134	0.216114	2.087841	2.120163	1.342111	
W	1.979905	3.963034	2.332700	3.955080	0.093968	0.015800	0.011890	0.074730	0.273394	0.068241	1.234053	1.099962	0.803797	
Y	1.942287	1.361913	1.315599	0.592885	0.096334	0.179619	0.046064	0.181875	0.134707	0.104410	0.976693	1.035208	1.363982	
