#O43639
A	1.215416	0.665064	0.355932	0.760464	0.415021	4.840119	0.047337	0.000068	2.139048	1.510720	0.599242	1.344514	0.947986	0.811279	
C	0.656903	0.376206	0.091940	0.029350	0.002874	0.000715	0.000104	0.000067	0.010173	0.087659	0.143785	0.211603	0.344007	0.624692	
D	1.182842	0.702622	0.557440	1.794199	0.189427	1.071519	0.046747	0.046732	1.455629	0.584818	0.887123	1.759100	1.136877	0.857802	
E	0.796768	0.376206	0.094088	0.496825	0.049514	1.270412	0.000105	0.000067	0.802603	0.958586	0.608960	0.956039	1.270300	0.998384	
F	0.889954	2.757884	0.526968	2.730378	0.034594	0.049420	0.046727	0.000067	0.783078	0.552399	0.470937	0.950393	1.229535	0.927524	
G	1.700155	0.669027	1.206949	0.909380	2.325274	0.502752	0.000121	0.000067	0.977444	1.392485	2.192424	1.695320	1.229808	1.275427	
H	0.842637	0.562640	0.555066	0.213483	0.515882	0.091823	0.000104	0.000067	0.523080	0.593633	0.330266	0.584593	0.776176	0.997505	
I	0.796689	0.702543	0.370754	0.075983	0.002901	0.140616	0.000106	0.046969	0.691272	1.739213	0.563446	0.951799	1.142768	0.928538	
K	0.656903	0.516050	0.138552	0.072593	1.060990	0.187174	0.000106	0.000067	0.243259	0.136015	0.191714	0.258226	0.390654	0.671314	
L	0.889716	1.913565	0.772077	0.545951	0.477482	0.741810	18.908392	0.093193	2.101739	1.994136	1.200268	1.559924	1.485378	1.605264	
M	0.843257	1.259844	0.565447	1.576273	0.189266	0.776933	0.109019	0.000069	0.987199	0.739751	0.607842	0.956932	1.027961	1.273204	
N	0.796651	0.655912	0.520757	4.318350	0.049515	0.280449	0.000104	0.000067	0.898078	0.367190	0.515970	0.724274	0.670305	0.920703	
P	0.703529	1.158211	0.236994	0.078588	1.176870	4.963804	0.140090	19.441448	0.942855	1.987104	7.686023	0.398165	0.530573	0.624692	
Q	0.703526	0.516078	0.317597	0.167454	0.002874	0.513268	0.000126	0.000067	0.616199	0.182015	0.236388	0.769015	0.856206	0.951040	
R	0.889048	1.219838	0.375501	0.527057	10.713418	0.424363	0.000104	0.093398	0.476035	0.315429	0.409027	0.351453	0.436465	0.624860	
S	1.776396	0.894728	0.695911	2.063672	0.376738	1.352589	0.093392	0.092705	2.422029	0.693530	0.699407	1.551460	1.742878	0.999256	
T	0.889854	0.562537	0.557844	0.574773	0.225955	0.972820	0.093418	0.000067	0.566705	0.830469	0.375820	0.957193	0.950013	1.044093	
V	1.029491	1.067771	1.206334	0.450012	0.375088	1.678479	0.513678	0.091186	2.755189	3.445690	0.987811	2.214035	1.723736	1.650136	
W	1.851894	1.765549	10.483928	1.560906	1.541450	0.140219	0.000105	0.000233	0.289491	0.600810	0.497722	0.935580	0.901793	0.996013	
Y	0.888371	1.657724	0.369921	1.054310	0.274867	0.000715	0.000113	0.093397	0.318896	1.288350	0.795825	0.870382	1.206580	1.218275	
