#O43639
A	0.996531	1.005741	1.787289	3.597439	1.949234	2.288079	0.345726	0.693267	1.452991	0.645371	0.817501	0.742795	0.709109	0.826887	
C	0.820190	0.694115	0.347290	0.087083	0.019585	0.002821	0.002067	0.000991	0.011419	0.043941	0.086125	0.103070	0.183025	0.309115	
D	1.289794	1.039322	0.695931	0.286382	0.019651	0.182261	0.175029	0.000991	0.011572	0.966122	7.007039	1.107077	1.391042	0.309180	
E	0.820234	0.694115	0.857342	0.255547	0.019594	0.654762	0.174948	0.174060	0.012391	0.617891	0.263213	0.281761	0.551490	0.479262	
F	0.820479	1.025772	0.808743	0.273277	0.420583	0.858916	0.002218	0.000991	1.639575	0.222448	1.120061	1.857618	1.220549	1.087112	
G	1.618692	1.163718	2.780685	2.873069	1.265627	0.907148	0.174888	0.347130	0.746687	0.737905	0.616516	1.170635	0.356077	1.180088	
H	0.823039	0.694395	0.359383	0.441438	0.019816	0.183582	0.174950	0.000991	0.011460	0.242439	0.431858	0.103168	0.481990	0.309825	
I	0.993176	0.694315	0.523740	0.432560	0.365181	0.348340	2.076661	0.173182	2.152479	1.008123	0.086301	0.815785	1.887297	1.256052	
K	0.820190	0.694253	0.692727	1.136077	0.765341	0.348629	0.347829	0.347129	0.011638	0.728566	0.945142	0.103085	0.355639	0.309127	
L	0.821361	1.217036	0.937312	2.491925	0.334968	1.403616	4.461846	0.174819	1.763984	0.581933	0.491309	0.808472	3.554124	3.757713	
M	0.993390	1.393161	0.838954	0.575427	0.365946	0.755249	1.154501	0.174055	0.365024	0.392111	0.440115	0.278452	1.967131	1.533711	
N	0.820671	0.694330	0.486403	0.091341	0.019592	0.003105	0.002067	0.000991	0.176934	0.044848	0.434943	0.103909	0.356034	0.766984	
P	0.820190	0.906234	1.191616	2.841267	9.842630	6.148723	0.002086	16.855890	1.220361	1.990032	1.169035	0.448414	0.700877	0.309115	
Q	0.992847	0.866800	0.720539	0.093724	0.365284	0.349932	0.174869	0.000991	0.184737	0.212632	0.261352	0.110901	0.530961	0.654622	
R	0.996484	1.368644	0.851503	1.352738	1.812193	1.543031	0.347833	0.000991	0.704045	6.455829	0.312840	0.103186	0.531352	0.826579	
S	1.509032	1.018600	1.391959	0.324609	0.708307	0.695856	0.002213	0.349699	1.441110	0.563357	0.619189	1.358149	0.700790	0.994121	
T	0.820848	0.867426	1.039770	0.830504	0.229983	0.893382	0.175002	0.000991	0.540872	0.747038	0.608621	0.450254	0.528908	0.309963	
V	1.339686	1.068462	1.228952	1.465395	0.887271	1.561678	9.163865	0.528404	5.562326	2.287094	0.587334	1.149081	1.462455	2.209946	
W	1.056827	1.765105	1.415033	0.286871	0.194791	0.522564	0.520716	0.173443	0.876910	1.252385	2.748458	2.085279	1.052889	0.833438	
Y	0.826341	1.128456	1.044828	0.263326	0.394424	0.348326	0.520685	0.000994	1.113486	0.259935	0.953047	6.818908	1.478260	1.737161	
