#O43639
A	0.753025	1.412890	0.627266	0.441148	0.006585	0.419488	4.966847	0.003165	0.419712	2.508421	1.282282	0.088536	0.669326	0.420824	0.793494	
C	0.753025	0.586965	0.213862	0.025301	0.006585	0.005111	0.006037	0.003165	0.003403	0.027660	0.047521	0.088510	0.254519	0.420824	0.793494	
D	0.753025	0.586965	0.627255	0.025317	2.900801	0.005111	1.247630	0.003165	0.003403	1.681187	0.063177	0.502459	0.662012	2.897314	0.794971	
E	0.753025	0.586980	0.213862	0.436312	0.007151	0.833689	0.439925	0.003165	0.003403	1.267806	0.463701	0.502383	1.076892	1.659968	0.793494	
F	0.753025	1.413166	1.859844	0.025817	2.070363	0.833689	0.419909	0.003165	0.003403	0.441042	0.047521	0.088510	0.255854	1.660025	0.793494	
G	1.575369	3.049385	0.213862	1.268783	0.833013	1.248987	0.418979	0.418223	0.003403	0.853846	0.871991	2.571326	3.972595	1.247140	1.206511	
H	0.753025	0.605611	0.622780	0.025301	0.006585	0.419917	0.006037	0.003165	0.003403	0.027660	0.047521	0.916233	1.080709	0.420824	0.793494	
I	1.166032	0.586965	0.213878	0.458503	0.006585	0.005111	0.006037	0.004650	0.003403	0.027660	1.702603	1.323704	0.254519	0.833866	1.206511	
K	0.753025	0.586965	0.213862	0.025301	0.006590	0.416116	0.006051	0.003165	0.417440	0.027660	0.047646	0.502552	1.080238	0.420824	0.793494	
L	1.991569	1.000086	2.693608	1.268469	0.833652	1.247045	0.833782	14.961171	0.833143	2.498421	5.012187	0.914362	3.147956	1.662143	2.443920	
M	1.161551	0.586965	1.901171	0.857935	2.074804	0.005111	0.419909	1.659027	0.418372	1.266823	0.874849	0.501893	1.081164	1.248957	0.793494	
N	0.753025	1.000599	0.214377	0.439769	3.730394	0.419283	0.419786	0.003165	0.003403	0.440995	0.048999	0.088510	0.254519	1.246631	1.617322	
P	1.166231	0.586965	3.506457	0.025301	0.006585	0.005138	6.218044	0.418234	14.967060	2.093978	0.875447	8.798714	0.667726	0.833265	0.794965	
Q	0.753039	0.586965	0.213862	0.025301	0.006585	0.420384	0.006037	0.418358	0.003403	0.850607	0.047521	0.496574	0.254520	0.420824	1.205929	
R	0.753025	1.000101	1.454062	0.439479	1.661316	11.212804	1.661525	0.003239	1.240497	1.269017	0.875348	0.088510	0.254519	0.420824	0.793494	
S	1.166032	2.238824	0.213862	0.439455	1.672374	0.005111	1.247361	0.003165	0.829345	1.713879	0.460525	0.502397	1.102486	0.422314	0.794828	
T	0.753025	0.996561	0.214428	0.025301	1.245719	0.416082	0.419460	0.003165	0.418373	1.267794	0.875058	0.502276	1.492100	0.420825	0.793494	
V	1.570872	0.587089	1.453325	1.260531	2.476165	0.419390	0.830697	1.664045	0.003403	1.680222	4.606158	0.916300	1.101019	1.660146	1.206608	
W	0.753025	1.412986	1.048023	12.461163	0.006585	1.657011	0.006037	0.418234	0.418404	0.027660	1.702411	0.104172	0.256204	1.242816	0.793494	
Y	1.166032	0.586965	2.280351	0.025516	0.441563	0.005421	0.419909	0.003165	0.003619	0.027660	0.047535	0.502081	1.081121	0.439645	0.793494	
