#O76041
A	1.071136	0.399786	1.188651	0.791936	1.183883	2.157566	5.688559	1.186994	0.397149	2.159578	0.001774	1.258455	0.384149	0.797951	
C	0.872857	0.206992	0.008004	0.006871	0.008230	0.007870	0.008111	0.007683	0.004758	0.002934	0.001699	0.022658	0.130363	0.795998	
D	1.068431	0.402600	0.204025	0.006871	0.596101	0.007870	0.400029	0.007683	0.004758	0.003005	0.001699	0.804816	1.109085	0.991753	
E	0.872857	0.400480	0.399793	0.006871	0.008271	0.399877	0.204064	0.592934	0.788883	0.394468	0.002028	0.418988	0.130363	0.800579	
F	0.872857	0.206992	0.204055	0.006871	0.792537	0.399839	1.377541	2.553349	0.004758	1.175894	0.392314	0.996133	1.954728	0.798379	
G	1.846129	0.991322	2.744002	0.206272	1.571802	0.989370	1.766677	0.593583	0.004854	0.600428	0.390511	4.919024	0.326285	0.991465	
H	0.872857	0.206992	0.008004	0.006871	0.008237	0.593411	0.008111	0.007683	0.004760	0.198854	0.589894	0.024157	0.130364	0.795998	
I	0.872857	0.402785	0.008004	0.006871	0.986019	2.022778	0.008171	0.007765	0.004759	0.590819	0.001699	0.412170	5.809392	1.100780	
K	0.872872	0.207157	0.008041	0.592243	0.203466	0.206277	0.390930	0.007683	10.195829	0.002934	0.197598	0.022661	0.132744	0.989937	
L	0.872860	9.803635	1.383539	0.400058	1.967645	1.575015	1.184269	0.988559	0.981359	1.182048	2.738499	2.030540	2.284584	2.028268	
M	0.875298	0.598930	0.398205	0.006871	0.598740	0.011384	0.208264	0.007683	0.980917	0.199711	0.195619	0.806530	0.911432	0.795998	
N	0.872857	0.206992	0.008004	0.200792	0.595008	0.399461	0.204064	0.007683	0.590462	0.002939	0.001720	0.022658	0.569605	0.796008	
P	0.872858	1.384112	1.441420	15.744142	1.960737	0.788669	3.399911	3.518004	0.401166	3.722786	0.200478	0.220562	0.130716	0.991376	
Q	0.872857	0.601435	0.988470	0.006874	0.399941	0.203673	0.008112	0.203732	1.571429	0.002935	0.001699	0.022658	0.130363	1.382203	
R	1.459703	1.383567	9.409209	0.991101	1.183090	0.407933	0.794453	0.399270	1.686371	0.833875	0.847969	0.273597	0.716598	0.795998	
S	1.067069	0.793317	0.784672	0.597613	0.008231	0.010859	2.358416	8.307116	0.004784	5.095968	0.595917	0.216463	1.303735	1.768285	
T	0.872857	0.207037	0.008049	0.399423	0.270204	0.986849	0.398617	0.203582	1.768552	2.929490	0.197889	0.218563	0.130363	0.795998	
V	1.067639	0.396727	0.789807	0.006871	7.249473	8.618088	1.379239	0.988098	0.594933	0.502715	0.001802	5.905205	2.671715	0.991031	
W	1.066780	0.794920	0.008033	0.007326	0.008275	0.009649	0.204340	0.007711	0.004759	0.002935	13.635596	0.409234	0.522210	0.795998	
Y	0.876367	0.404222	0.008013	0.007252	0.400110	0.203561	0.008120	0.403206	0.004758	0.395684	0.003595	0.994927	0.521208	0.795998	
