#Q14511
A	1.122853	1.059643	1.197476	6.579884	0.000065	4.515197	0.057308	0.112209	3.136862	0.057644	2.020643	1.086008	0.849376	1.083624	
C	0.837219	0.660122	0.283608	0.009294	0.000065	0.000896	0.000126	0.000113	0.000987	0.000705	0.021152	0.061112	0.163871	0.340985	
D	0.892531	0.888589	0.512125	0.009294	0.000226	1.029354	0.000126	0.000113	0.172389	0.172153	0.363906	0.403828	0.677987	0.912253	
E	1.008405	0.774377	0.397868	0.009294	0.000065	1.600838	0.000520	0.000113	0.400575	0.000705	0.363366	0.346756	0.735134	0.740872	
F	0.894332	0.717249	0.740629	0.234497	0.000065	0.000896	0.000126	0.000113	1.599606	2.458155	0.587336	1.260830	0.849338	0.740797	
G	1.294221	2.143576	1.711762	2.236266	0.000065	0.455509	0.000127	0.000113	0.172382	0.172305	1.106617	0.918074	1.020787	1.026502	
H	0.837219	0.774344	0.340738	0.009295	0.000065	0.115175	0.000126	0.114941	0.172393	0.340092	0.878145	0.456516	0.906539	0.855130	
I	0.951469	0.888632	0.682532	0.809737	0.000067	0.800845	0.114494	0.000113	1.029397	0.966967	1.392142	1.488077	1.420827	1.249082	
K	0.837219	0.831628	0.569259	0.009294	0.000065	0.172308	18.979379	0.000188	0.286662	0.112862	0.192544	0.175366	0.448863	0.454169	
L	1.293876	1.288487	3.196609	2.352009	0.114435	1.886440	0.000126	0.228766	2.629177	5.886203	1.905599	3.773244	2.499656	2.392952	
M	0.894345	0.890935	1.083168	0.293215	0.000065	0.567594	0.114180	0.000113	0.799039	0.685938	1.046983	0.574698	0.963574	0.855382	
N	0.951824	0.774374	0.569254	0.009294	0.000201	0.058036	0.000199	0.059510	0.060341	0.056882	0.421008	0.289626	0.562938	0.797749	
P	0.894333	1.060006	0.569246	3.547587	19.596962	1.943078	0.000130	19.140230	2.000656	0.000709	0.874107	0.518063	0.278118	0.455219	
Q	0.894507	0.831491	0.512013	0.066443	0.057250	0.400628	0.109967	0.000114	0.342678	0.000705	0.478236	0.403886	0.562471	0.740858	
R	1.009928	0.889026	1.026431	0.235392	0.000065	0.743688	0.111926	0.114457	0.854024	0.457874	1.277938	0.860960	0.963422	0.797960	
S	1.179978	1.402839	1.539341	0.125818	0.115664	1.029389	0.000126	0.057322	1.255521	0.513956	1.731984	1.432407	1.763424	1.651849	
T	0.951472	0.888629	0.968797	0.009294	0.114416	0.572344	0.398674	0.171132	0.858045	0.115004	1.449100	1.146572	0.960175	0.912043	
V	1.122850	1.401650	1.997529	3.320930	0.000065	4.050666	0.112016	0.000113	2.514330	0.229144	1.733102	2.285057	2.332056	2.168786	
W	0.894346	1.060072	1.075394	0.009584	0.000065	0.000896	0.000197	0.000113	0.400774	0.629319	0.935210	1.315241	0.792206	0.626626	
Y	1.237071	0.774328	1.026220	0.123580	0.000065	0.056222	0.000127	0.000113	1.314163	7.142678	1.220882	1.203677	1.249238	1.197160	
