#Q8IVI9
A	1.094234	1.226710	3.380963	0.001924	3.232716	0.047913	0.431107	2.152072	0.052030	2.045975	1.272240	1.360584	1.103805	
C	0.783965	0.421855	0.029049	0.001635	0.000173	0.000078	0.000222	0.000323	0.000673	0.002878	0.008028	0.017904	0.216219	
D	0.961896	0.695035	0.038709	0.011193	1.060535	0.000078	0.028309	1.233643	0.022120	0.448441	0.993295	0.894693	0.884326	
E	0.967423	0.702045	0.048388	0.013727	1.108846	0.000078	0.136683	1.290678	0.022638	0.700976	0.746137	0.949145	0.830033	
F	0.846361	0.792457	0.289030	0.017394	0.374140	0.084509	0.048654	1.373437	0.034319	0.836977	1.308562	1.126829	1.301103	
G	1.648431	1.981383	2.613180	0.004526	0.620803	0.010224	0.113682	0.221478	0.084329	0.823556	1.376308	1.161924	1.448490	
H	0.822980	0.605993	0.133909	0.001939	0.126012	0.000078	0.000222	0.346063	0.095905	0.401626	0.297293	0.465700	0.565419	
I	0.884031	0.740517	0.477910	0.050185	0.744165	6.459332	0.084536	0.639985	0.008403	1.137515	1.885350	1.249670	1.041098	
K	0.889858	0.609871	0.881930	0.001771	0.338051	0.000078	0.000381	0.080575	0.049005	0.031927	0.037028	0.143511	0.321523	
L	1.114090	1.302097	1.887512	0.039396	2.215190	5.929054	0.488228	1.709576	0.233028	2.803731	2.817068	2.889284	2.752717	
M	0.890284	0.747973	0.345634	0.002749	1.002446	0.009786	0.241921	0.707487	0.093175	0.939692	0.946811	0.906678	1.019505	
N	0.934164	0.623134	0.125329	0.009769	0.434497	0.000126	0.014795	0.259573	0.010338	0.276927	0.307794	0.538624	0.563744	
P	0.871571	0.709424	0.889160	19.624610	1.365855	0.064577	16.446388	2.969230	0.053439	1.098891	0.248041	0.238758	0.467609	
Q	0.880618	0.750131	0.144951	0.029782	0.538812	0.000112	0.074688	0.239964	0.031408	0.347155	0.282809	0.646705	0.694565	
R	1.164372	1.470552	3.868784	0.011949	1.137421	0.026982	0.078508	0.140461	18.913369	0.058490	0.131663	0.284644	0.431708	
S	1.353327	1.358679	1.485529	0.091076	1.506785	0.000093	0.200826	1.691409	0.141546	1.247848	1.053738	1.453011	1.219858	
T	0.999948	0.902000	0.481257	0.022673	0.833792	0.039556	0.261679	0.492279	0.042611	1.104946	0.544292	0.725786	0.670280	
V	1.061062	1.770084	2.272361	0.059109	2.631478	7.261755	1.314922	2.383055	0.041598	3.138455	3.244629	2.861333	2.471856	
W	0.926275	1.599522	0.247560	0.002679	0.418512	0.000100	0.001038	0.924908	0.019314	1.326615	1.344901	1.015887	1.095607	
Y	0.905107	0.990538	0.358854	0.001911	0.309769	0.065495	0.033210	1.143803	0.050752	1.227378	1.154014	1.069330	0.900537	
