#Q8IVI9
A	0.028530	3.226044	1.289769	0.000707	1.985792	0.034697	1.494316	2.733282	0.482832	0.943283	1.372025	0.766240	0.998272	
C	0.008673	0.005994	0.001631	0.000698	0.000234	0.000116	0.002070	0.005410	0.012014	0.133559	0.192971	0.282210	0.991382	
D	0.087982	0.202203	0.624818	0.000725	0.690724	0.046866	0.939266	0.505160	0.032024	0.896118	1.014328	0.906757	0.991713	
E	0.008709	0.284648	0.628031	0.017775	1.184613	0.000153	0.729266	0.611425	0.043028	1.210035	1.257077	1.181742	1.011494	
F	1.283036	0.352131	0.660511	0.020640	0.675997	2.526508	0.270314	0.327021	0.183437	0.970064	1.004268	0.807012	0.998270	
G	0.079608	2.720081	1.397485	0.078643	1.249349	0.057687	0.100398	0.499433	0.147796	2.224274	1.645921	1.091775	0.991436	
H	0.033537	0.211210	0.427898	0.062243	0.294980	0.065956	0.109471	0.239217	0.093882	0.537561	0.584383	0.468671	0.994133	
I	0.034071	0.388358	0.359285	0.000707	0.277726	0.592186	0.981003	0.850614	2.374010	0.864644	1.069122	1.171453	1.008413	
K	0.013318	0.563268	0.172946	0.056090	0.213289	0.013439	0.042031	0.111970	0.012036	0.346655	0.310174	0.335417	0.991388	
L	0.318888	1.781950	2.200717	0.065621	1.470567	0.277231	3.336807	3.499019	2.279753	1.394003	2.577771	3.412659	1.023790	
M	0.008673	0.476979	0.722192	0.015689	0.409816	0.047659	0.436826	1.236616	0.265414	0.854365	1.065695	1.659816	1.003395	
N	0.014111	0.498843	1.040456	0.001414	0.308014	0.032387	0.218839	0.372434	0.063238	0.652181	0.591852	0.692795	0.991976	
P	0.008911	0.364227	0.120294	0.071893	2.832439	0.000152	7.153066	2.364784	8.715261	1.623079	0.411668	0.494125	0.998127	
Q	0.008781	0.448774	0.880852	0.014790	0.395851	0.025455	0.319398	0.358962	0.053856	0.787757	0.576133	0.683261	0.993561	
R	0.220479	1.878020	0.239791	19.395361	0.344157	0.019812	0.339334	0.418685	0.032150	0.333365	0.405106	0.440900	0.991383	
S	0.089016	3.763557	2.787419	0.070697	2.985428	0.073796	1.006133	1.990228	0.125324	1.819020	1.420877	1.250856	0.999140	
T	0.008749	1.136141	2.656663	0.016941	2.401860	0.000126	0.630581	0.863709	0.222025	0.953042	1.138048	0.739292	0.991435	
V	0.153416	1.305338	1.596923	0.001081	0.942679	0.593080	1.575990	2.238213	4.553528	2.036602	2.037047	2.081262	1.018869	
W	17.521777	0.157839	1.178737	0.107366	0.282123	4.066437	0.092765	0.661523	0.211014	0.653944	0.639888	0.763006	1.008672	
Y	0.069734	0.234395	1.013582	0.000920	1.054361	11.526257	0.222126	0.112295	0.097377	0.766451	0.685647	0.770750	1.003150	
