#O15259
A	1.396004	1.263641	2.205168	0.006048	3.532194	0.021441	0.068864	1.723465	0.471570	1.208186	1.217323	0.994698	1.110874	0.941768	
C	0.572042	0.405177	0.165034	0.000587	0.000185	0.000034	0.000518	0.000720	0.000849	0.079269	0.167027	0.290720	0.428160	0.595024	
D	0.842798	0.744258	0.456001	0.000590	0.566674	0.000034	0.000518	0.704280	0.047650	0.839171	0.963018	1.124703	0.969895	0.929954	
E	0.715407	0.760491	0.515013	0.000588	1.150039	0.000053	0.008351	0.896625	0.002213	0.961137	0.880656	1.049919	0.918101	0.934494	
F	0.767772	0.745521	0.700467	0.000591	0.473747	0.053325	0.010655	0.734004	1.610940	0.719923	0.553104	0.717697	0.731731	0.965806	
G	1.946982	2.396980	2.437677	0.092087	1.017004	0.020642	0.000702	0.891852	0.392685	2.351060	2.147230	2.192483	1.910858	1.415685	
H	0.653840	0.525590	0.267621	0.014160	0.223549	0.008647	0.011139	0.425486	0.248713	0.490502	0.642605	0.681945	0.698032	0.748180	
I	0.733300	0.664925	0.667527	0.000774	0.379447	0.117594	0.016045	1.033655	1.152152	0.737524	0.769961	0.772522	0.858120	0.991486	
K	0.757330	0.645070	0.330505	0.000588	0.560984	0.000034	0.001349	0.258309	0.010256	0.284674	0.341852	0.505600	0.560461	0.706700	
L	1.399264	1.119211	1.144329	0.000728	2.037743	17.744800	0.034051	1.794711	7.389553	1.451101	1.767541	1.345181	1.588595	1.586484	
M	0.902919	0.667697	0.689330	0.006560	0.985354	0.347592	0.021146	0.954633	1.682667	0.536465	0.818353	0.783001	0.780462	0.914459	
N	0.707339	0.742188	0.523397	0.010622	0.294153	0.000034	0.010869	0.564898	0.144075	0.803547	0.717540	0.712714	0.914963	0.871064	
P	0.940800	0.983778	0.770600	0.116464	1.069314	0.088271	19.763514	0.446182	0.910692	1.809020	0.523766	0.671447	0.787098	0.818202	
Q	0.786431	0.657806	0.554496	0.009699	0.523563	0.043748	0.000573	0.514851	0.019013	0.489504	0.783228	0.743251	0.724268	0.859834	
R	1.166930	1.319649	0.632161	19.720530	0.947373	0.063869	0.005682	0.922233	0.766473	0.712718	0.657841	0.791172	0.670461	0.820826	
S	1.374623	1.801393	1.763851	0.000742	2.017159	0.000047	0.019626	2.313165	0.384537	2.031171	1.885603	1.734514	1.586048	1.182654	
T	0.981973	1.226814	0.994713	0.000721	0.913077	0.000936	0.001995	1.226779	0.257015	0.945767	0.947295	0.882971	0.857015	0.918779	
V	1.846152	2.037679	3.118030	0.016406	2.326669	1.488830	0.002151	3.889415	2.357552	2.279715	2.471239	2.136395	2.034176	1.829462	
W	0.807314	0.701082	1.375684	0.000704	0.382313	0.000034	0.021729	0.353017	0.921533	0.594970	0.887645	0.945746	1.083021	1.046776	
Y	0.700779	0.591052	0.688394	0.000810	0.599462	0.000035	0.000524	0.351720	1.229862	0.674576	0.857172	0.923320	0.787661	0.922363	
