#O15259
A	0.807895	0.738663	2.707331	0.025274	1.502799	0.002996	0.000400	2.770199	0.888878	3.645279	1.542200	1.613929	0.691393	0.747177	
C	0.801015	0.511668	0.212346	0.025272	0.004449	0.001643	0.000305	0.004123	0.001120	0.004217	0.029622	0.116414	0.203783	0.493084	
D	0.801576	0.511933	0.212350	0.275531	0.232852	0.001643	0.000305	0.755692	0.001142	1.506674	0.732360	0.544457	0.879093	0.981020	
E	1.051182	0.513161	0.963599	0.025272	1.257586	0.001666	0.000305	0.679859	0.010962	0.997045	0.529377	1.072873	0.454743	0.710865	
F	0.801017	0.512021	0.661256	0.776884	0.254499	1.876334	0.000308	2.916245	0.001233	0.006368	0.527538	0.610778	1.702379	0.743589	
G	1.802640	1.521288	3.145217	0.638475	1.241091	0.493458	0.000308	0.254014	0.001332	1.998067	1.961245	1.041290	2.673358	0.743251	
H	1.049767	0.512156	0.212851	0.025436	0.004449	0.234626	0.000307	0.004140	0.001426	0.254910	0.029842	1.117617	0.454111	0.990816	
I	0.802005	0.761775	0.464623	1.776798	0.747553	0.001653	0.000306	0.723410	0.001181	0.757421	1.282402	0.862024	0.704709	1.243869	
K	0.801021	0.513827	0.716806	0.025672	1.254074	0.001643	0.000305	0.004129	0.001132	0.004219	0.029625	0.616543	0.668730	0.493087	
L	0.802007	0.935277	0.686695	13.262512	1.751516	15.710938	0.000384	0.494538	0.010428	0.492212	3.199134	2.109282	1.686761	1.943839	
M	1.038824	0.763387	0.468401	0.756082	0.990983	0.001647	0.000331	0.252057	0.003801	1.012420	1.012726	1.118706	0.962482	1.239147	
N	1.049954	0.689250	1.463480	0.028330	0.476002	0.001643	0.000305	0.500864	0.001127	0.743928	0.029650	0.614991	0.704921	0.996059	
P	1.299117	0.512666	0.716463	1.212408	1.425132	0.001643	19.988552	0.736067	0.007326	0.987242	0.421471	0.629212	0.675277	0.495367	
Q	1.051227	1.263086	0.693003	0.025394	0.758987	0.001643	0.000305	0.004653	0.252647	0.254533	0.780720	0.366673	0.697754	0.743413	
R	0.801231	3.725136	0.954815	0.059878	1.438894	0.001644	0.000306	0.257412	17.836944	0.006849	0.533377	0.367327	0.423055	0.743036	
S	1.305881	2.232436	1.713171	0.204692	2.483002	0.002059	0.001094	0.999928	0.255391	1.907458	1.029255	1.828784	1.454864	0.992386	
T	1.028431	1.748337	0.463587	0.525333	0.504873	0.001948	0.000307	0.977200	0.717962	1.260003	2.283578	0.868114	1.203981	1.493064	
V	1.301684	1.002507	1.892687	0.280118	3.163305	0.654000	0.004376	0.995600	0.002999	3.900311	3.246337	2.783736	1.710819	2.219681	
W	0.801145	0.519709	0.939727	0.025368	0.503502	0.503732	0.000888	5.027565	0.001258	0.007341	0.519584	0.851147	0.840087	1.243688	
Y	0.802380	0.511718	0.711592	0.025272	0.004451	0.503442	0.000305	1.642305	0.001711	0.253505	0.279956	0.866103	1.207699	0.743564	
