#Q5VST9
A	1.052497	0.961999	0.001260	0.185712	0.002517	1.460449	0.183596	1.908496	0.359106	3.081838	0.201835	0.076259	0.951382	0.344565	
C	0.870596	0.831639	0.001260	0.002476	0.002426	0.002930	0.010696	0.003240	0.010497	0.016675	0.028469	0.071433	0.123888	0.170608	
D	1.018545	0.831653	0.001261	0.176127	1.386047	4.854853	0.010762	3.875869	0.201676	0.019324	0.202229	0.419529	1.162095	0.341835	
E	0.870677	0.831659	0.001261	0.002580	0.203686	2.243832	1.098875	0.223799	0.183875	0.620541	0.029699	0.586176	1.500375	0.170623	
F	1.002709	1.066279	1.042333	1.353795	2.310496	0.349576	0.010756	0.776389	0.188440	0.538585	0.721425	0.071447	0.219411	0.875756	
G	0.994080	1.175969	0.176337	1.191787	0.594070	0.998292	4.706280	2.096096	0.011035	4.510531	0.028612	2.460846	2.021090	0.343727	
H	0.871331	0.998615	0.001320	0.002476	1.217851	1.368806	0.173424	0.182319	4.880902	0.016746	0.032922	0.243753	0.294342	0.754159	
I	1.100106	0.851974	0.001261	0.002498	0.347393	0.371903	0.019803	0.752033	0.531220	0.016759	5.043840	0.208551	0.810847	0.171237	
K	0.870597	0.831639	0.174527	0.173767	0.002426	0.867060	0.179366	0.003641	0.183514	0.016675	0.408964	0.071484	1.022564	0.170617	
L	1.043191	1.459539	0.691092	7.536465	0.003222	0.185286	1.142391	0.717377	5.360053	0.539964	1.023232	1.295940	1.209801	12.254089	
M	1.125996	0.832366	0.174438	0.174556	0.002437	0.676745	0.011895	0.003510	1.822364	0.029384	7.028098	0.425091	0.815842	0.577792	
N	0.870596	0.837233	0.004674	0.305015	0.359277	1.678101	0.527548	2.408646	0.190190	0.016890	0.030885	0.358912	0.124539	0.172351	
P	0.882501	1.004621	0.174591	0.175803	2.094486	0.002981	0.725914	0.698039	0.874682	0.884399	0.136308	0.166792	0.297423	0.170898	
Q	0.877285	0.831639	0.001261	0.200797	0.502607	0.002933	0.184274	0.176302	1.142436	0.022298	1.087782	0.073782	0.900068	0.509920	
R	1.069500	0.956794	0.174167	3.736571	0.838035	1.482533	7.014694	0.353927	0.701074	0.017354	0.374332	2.157309	0.296869	0.330683	
S	1.024707	1.208200	0.240087	0.944438	1.344085	0.890296	1.239480	0.363217	0.338331	7.177407	0.205294	0.481081	0.124432	0.344071	
T	0.978198	0.831729	0.003104	0.524828	0.002474	0.598308	0.010899	0.523252	0.892047	0.316321	0.903239	0.240476	0.647410	0.612125	
V	1.037936	1.005250	1.332687	2.137825	0.002546	0.357452	0.011154	4.005709	0.185005	0.373161	2.106044	0.313169	6.884621	1.048682	
W	1.221817	1.779212	15.801816	1.169914	0.949975	0.372067	1.365767	0.663521	0.928226	1.595274	0.028729	10.028601	0.295457	0.170626	
Y	1.217135	0.871992	0.001264	0.002572	7.833943	1.235600	1.372427	0.264616	1.015327	0.189873	0.378061	0.249369	0.297545	0.465638	
