#Q92882
A	1.046885	1.011659	0.912067	2.286504	0.196249	4.008770	0.150034	0.368988	3.170969	0.080087	2.065055	1.325679	1.235098	1.008294	
C	0.909381	0.693146	0.396696	0.000591	0.000082	0.000750	0.000457	0.000145	0.007264	0.010784	0.014245	0.030794	0.091454	0.307720	
D	0.910170	0.781975	0.554642	0.000591	0.000082	0.767357	0.000457	0.000940	0.492864	0.061890	0.796935	1.482206	0.526861	0.839391	
E	0.910258	0.738008	0.673315	0.089273	0.052281	1.754164	0.000457	0.000232	1.173500	0.011720	0.458161	0.557493	1.290907	0.794928	
F	0.920797	0.849008	0.885690	0.270051	0.000083	0.090459	0.048554	0.000145	0.778550	0.011328	0.811890	1.957333	1.126757	1.586692	
G	1.198198	1.744105	2.123823	0.932129	0.054726	0.268567	0.222755	0.000642	0.149624	0.043555	1.288048	0.906502	1.023812	1.381147	
H	0.964230	0.774131	0.760023	0.039735	0.000082	0.000750	0.000457	0.142345	0.307893	0.076488	0.461976	0.528033	0.448141	0.576226	
I	0.961082	0.738084	0.706303	0.317098	0.000088	0.957553	4.212460	0.000145	0.526007	0.038936	1.068352	1.412480	1.260517	1.395571	
K	0.921542	0.856455	0.622561	1.564093	0.000557	0.287913	0.000457	0.000145	0.051702	0.239267	0.122736	0.120318	0.292855	0.352538	
L	0.975835	1.310398	1.467526	2.061942	0.125081	2.006126	6.237680	0.307856	2.769136	0.212836	3.097803	3.114956	2.677836	2.134710	
M	0.960905	0.916955	0.765803	0.141700	0.000136	0.957945	0.760921	0.000170	0.632434	0.131294	0.749014	1.157065	0.886732	0.969411	
N	0.957451	0.872031	0.621026	0.091899	0.000082	0.317810	0.045245	0.000145	0.185200	0.011152	0.350501	0.185880	0.487280	0.529121	
P	0.912957	0.915044	0.789670	1.268485	19.200903	2.968280	1.183214	18.304771	4.489463	1.101430	0.585411	0.213986	0.532665	0.451749	
Q	0.910488	0.895372	0.685390	0.042006	0.000831	1.209429	0.000462	0.134672	0.239100	0.057738	0.190740	0.385283	0.895353	0.620041	
R	1.246336	1.720014	2.017091	8.801847	0.114830	1.028470	0.000548	0.157812	0.091480	17.704031	0.279475	0.119377	0.268457	0.564735	
S	1.137718	1.511229	1.044773	0.698663	0.100594	0.663186	0.045439	0.296252	1.607392	0.015643	2.292435	1.051218	1.203932	1.016243	
T	1.020088	0.963011	0.924493	0.408662	0.152819	0.946420	0.090518	0.240733	0.400201	0.063063	1.736357	0.563204	0.766752	0.744450	
V	1.165490	1.187925	1.327663	0.805312	0.000084	1.629976	6.998949	0.043525	2.213292	0.011433	2.561675	2.463105	3.086311	2.242002	
W	1.004749	0.783457	1.753939	0.000596	0.000082	0.045631	0.000459	0.000153	0.356244	0.059216	0.343037	1.353303	1.001064	1.296571	
Y	0.965437	0.737993	0.967505	0.178822	0.000329	0.090445	0.000477	0.000184	0.357685	0.058108	0.726154	1.071786	0.897218	1.188462	
