#Q92882
A	1.146540	0.203478	4.375943	1.849465	0.645266	3.561723	0.372070	0.254174	1.816279	1.245524	1.580007	0.956305	0.927529	1.034844	
C	0.270926	0.026117	0.017897	0.000519	0.000432	0.000727	0.000429	0.002415	0.069390	0.174619	0.350297	0.547845	0.729830	0.974152	
D	0.623310	0.026976	0.524905	0.044707	0.000432	1.154117	0.000429	0.128410	0.739020	0.968115	0.633408	0.875477	1.227969	0.980860	
E	0.534963	0.026121	0.938006	0.045783	0.001513	1.145788	0.044821	0.043786	0.731782	1.319246	0.576562	0.734847	0.872945	0.980469	
F	1.186685	0.092203	0.068475	0.358994	0.000620	0.267346	0.177561	0.002415	1.007383	1.366534	1.194380	0.848645	1.079907	0.995641	
G	2.894898	0.447818	0.742338	0.000757	0.135504	0.635740	0.192962	0.097728	2.015960	1.550782	1.292734	1.468510	0.923064	1.013224	
H	0.610432	0.107954	0.108881	0.094517	0.044625	0.264677	0.000429	0.127666	0.431367	0.420102	0.968624	0.851165	0.855802	0.981807	
I	0.530038	0.070088	0.154860	0.219118	0.221018	0.074236	4.468223	0.002415	0.790616	1.248629	1.119635	1.022858	0.935673	0.997997	
K	0.660680	0.659360	0.281429	0.051679	0.000584	0.291440	0.000429	0.002415	0.158565	0.396868	0.464209	0.636191	0.930286	0.974201	
L	1.354101	0.256755	1.692047	12.723073	0.708636	1.651813	10.134783	0.189160	1.453196	2.245368	2.405196	2.012260	1.576772	1.033211	
M	0.757471	0.082168	0.932073	0.433620	3.273629	0.519967	0.049129	0.142639	0.514198	1.071600	0.800972	1.041024	1.177424	0.985286	
N	0.709425	0.026690	0.150521	0.043119	0.000432	0.439716	0.000429	0.002415	0.909762	0.395098	0.517792	0.703220	0.825243	1.020950	
P	0.612856	0.290552	5.579271	2.070790	13.860244	4.419103	0.438977	17.421016	0.338119	0.465042	0.674943	0.726484	0.781107	0.979461	
Q	0.579057	0.140233	0.440534	0.092336	0.046000	1.021590	0.000430	0.002566	0.371168	0.525971	0.529959	0.773095	0.954365	0.977647	
R	1.085166	16.847866	0.641048	0.815955	0.003972	0.665475	0.315094	0.745101	0.623557	1.055770	0.575204	0.637319	0.789685	0.981313	
S	1.194126	0.100554	1.616500	0.308865	0.272270	2.362970	0.129183	0.445619	1.559176	1.057636	1.374071	0.802319	1.154528	1.065799	
T	1.144494	0.203071	0.943603	0.133519	0.199200	0.721741	0.312242	0.162090	1.059398	1.272959	0.824793	1.084429	0.907095	0.985610	
V	1.165699	0.071506	0.646483	0.623376	0.412894	0.580603	3.273872	0.135693	3.140130	1.408752	2.280278	1.881561	1.377140	1.024897	
W	0.973874	0.246112	0.070801	0.044769	0.000433	0.089162	0.088009	0.002415	1.401034	1.020420	0.773792	1.328324	0.935836	1.021292	
Y	1.965259	0.074378	0.074385	0.045039	0.172295	0.132069	0.000498	0.089861	0.869899	0.790964	1.063143	1.068123	1.037799	0.991342	
