#Q9UNF0
A	0.546472	1.468503	1.438948	0.889463	2.846628	9.704064	0.002673	1.141639	0.288701	0.571359	1.169225	0.686390	1.315760	
C	0.546468	0.048647	0.017972	0.003061	0.004349	0.003350	0.002673	0.004478	0.004686	0.003594	0.033283	0.118524	0.458911	
D	0.546468	0.330685	0.017972	0.003061	0.004359	0.003350	0.002674	0.572603	0.004687	0.287471	0.601203	1.537464	0.458911	
E	0.546468	0.332571	0.017972	0.003061	0.004349	0.003350	0.287858	1.140434	0.004686	0.287924	0.885325	0.402463	0.742745	
F	0.830270	0.048648	0.302106	0.003061	0.288475	0.003391	0.002673	0.288194	2.844536	0.287965	0.606071	1.255539	3.014245	
G	1.398324	4.313448	1.752196	1.709904	0.288496	0.571877	0.002677	2.568367	0.858379	3.704434	1.169124	0.970310	1.053841	
H	0.550829	0.048647	0.017992	0.003061	0.288518	0.003351	0.570962	0.004478	0.572705	0.003594	0.316918	0.118524	0.458911	
I	0.830270	0.899652	0.018467	0.003061	0.288459	0.287327	0.002673	1.708991	1.708827	1.709329	2.007486	1.544281	1.026590	
K	0.546488	0.900740	6.556459	1.140547	0.288959	0.287750	0.287266	0.004478	0.004686	0.003594	0.317244	0.118529	0.742827	
L	1.397856	4.309275	0.017982	0.844107	3.419077	4.268400	0.571173	2.877131	3.695855	1.174102	2.616315	3.243081	2.730234	
M	0.830270	1.186472	0.302253	0.003074	0.856694	0.856543	0.288754	1.992968	0.570311	0.003596	1.459339	1.255839	1.310778	
N	0.546468	0.332223	0.585663	0.003061	0.571588	0.287749	0.002673	0.004478	0.004686	0.003594	1.736938	0.402460	0.742716	
P	1.395381	0.616712	0.290205	0.581030	0.856476	1.136127	12.234939	1.710018	2.560850	8.817401	0.600924	0.118524	1.026737	
Q	0.546468	0.048649	0.586537	0.572030	0.856612	0.003356	1.140937	0.572633	0.287858	0.289499	0.317244	0.118822	0.460500	
R	2.248479	1.172728	6.277202	11.948554	5.686390	0.003393	4.018631	0.004498	0.898102	0.003601	0.033284	0.118524	0.458911	
S	1.114073	0.616752	0.306655	0.287623	1.424328	1.424971	0.285080	0.288570	0.572753	1.697455	1.169221	2.119718	0.742743	
T	1.397874	0.616871	0.586534	0.003062	0.004356	0.287755	0.287583	0.286412	0.289312	0.572233	0.033283	0.686735	0.458911	
V	1.965371	2.042744	0.301834	0.003068	1.160309	0.288233	0.002673	4.536298	2.276249	0.572008	4.010202	2.956914	1.310238	
W	1.669235	0.333599	0.302795	1.423728	0.857228	0.003649	0.002673	0.004478	1.412808	0.003650	0.033283	0.970019	1.026581	
Y	0.546468	0.332433	0.302255	0.572382	0.004349	0.572013	0.002752	0.288853	1.139324	0.003597	0.884091	1.257344	0.458911	
