#Q9BY11
A	0.728078	1.032862	0.663530	1.680363	9.191291	2.149457	2.147439	3.954124	1.957702	0.914054	0.850001	1.755023	
C	0.363157	0.065800	0.038171	0.005584	0.001115	0.000625	0.001286	0.001439	0.001222	0.008355	0.012679	0.146006	
D	0.363243	0.065817	0.128369	0.131056	0.090707	0.091797	0.084803	0.180791	0.244410	0.274071	0.904945	0.766696	
E	0.544021	0.152218	0.038651	0.918904	0.344329	0.000626	0.712636	0.682332	0.181203	0.529114	0.111123	1.092091	
F	0.642741	0.840831	0.134321	0.372298	0.001320	0.165219	0.105694	0.652837	0.424259	0.512250	1.370703	0.872959	
G	1.172968	0.871544	1.194189	0.406081	0.421881	0.156274	0.533157	0.873653	0.458100	0.999848	0.565377	1.183445	
H	0.453272	0.152803	0.309689	0.096569	0.001115	0.000625	0.001290	0.095566	0.229621	0.008364	0.100218	0.417359	
I	0.815357	0.065800	0.126110	0.274764	0.454069	0.000633	0.194929	1.347334	0.181464	1.008582	1.003274	1.329037	
K	0.802101	3.570842	0.453052	3.254072	0.458817	0.000625	0.001297	0.092989	0.001235	0.562472	0.460677	0.236547	
L	5.500138	1.227595	0.740611	1.194967	3.395741	0.233417	1.521719	1.308327	0.862170	4.822801	6.463217	2.567861	
M	0.723326	0.241214	0.195122	0.910894	0.091933	0.000932	0.089393	0.110988	0.271043	2.026003	1.447470	0.501139	
N	0.441071	0.167734	0.120628	0.398166	0.002011	0.000643	0.092210	0.002332	0.988100	0.008365	0.103042	0.318599	
P	0.863406	2.000074	4.124715	1.901978	1.954921	14.871669	3.716932	2.746482	9.821131	1.786317	0.374369	0.784540	
Q	0.625507	0.336183	0.630360	2.268332	0.180666	0.176606	0.098792	0.001488	0.273990	0.011760	0.263978	0.452523	
R	1.697354	8.191699	9.989912	2.566046	0.298341	0.890701	0.288882	4.120211	0.544941	0.643973	0.287237	0.238809	
S	1.157780	0.431641	0.126391	0.595559	0.689936	1.154383	6.592917	1.282981	1.418674	1.160955	1.415299	0.876952	
T	0.896339	0.066385	0.042208	1.818611	0.895924	0.099825	1.037332	0.550643	0.794606	0.660514	0.305275	0.321989	
V	0.962377	0.286760	0.217063	0.751374	1.523575	0.004238	1.881331	1.098434	0.357256	2.764335	3.054456	5.672611	
W	0.642140	0.165755	0.038997	0.271627	0.001188	0.000667	0.447591	0.624817	0.445335	1.077278	0.282530	0.319726	
Y	0.605622	0.066445	0.687910	0.182756	0.001120	0.001039	0.450368	0.272231	0.543537	0.220589	0.624129	0.146089	
