#Q9UNF0
A	0.829685	0.796289	7.728068	1.349769	2.734241	1.112479	0.228917	1.590334	0.002471	2.044519	0.694797	0.423331	1.302837	
C	0.603068	0.342943	0.014051	0.012907	0.015247	0.003119	0.001820	0.003628	0.002468	0.003983	0.014814	0.196669	0.401097	
D	0.603068	0.569374	0.014051	0.012907	0.241922	0.003119	0.228959	0.230355	0.002531	0.230574	0.241528	0.196881	0.627695	
E	0.603068	0.342943	0.014051	0.012907	0.921895	0.003119	0.001820	0.684127	0.456409	0.457231	0.014933	0.196669	0.401097	
F	0.603068	1.022611	0.241090	0.012907	0.695125	0.683639	0.001820	0.683495	0.229683	0.683890	4.092539	1.782205	1.531045	
G	0.829776	1.245765	2.485246	0.012908	0.921894	1.363900	0.001823	1.357796	0.909036	1.357979	0.695069	0.876267	1.285749	
H	0.826203	0.342943	0.014054	0.012907	0.015247	0.456806	0.001835	0.003628	0.229473	0.457275	1.148883	0.876569	0.627695	
I	0.829675	0.797006	0.467531	0.012907	0.468573	1.137105	0.001820	0.683811	0.229647	0.004111	1.612851	1.324987	1.307480	
K	0.829689	0.569513	0.014057	0.012921	0.468176	0.003119	0.001820	0.003628	0.002523	0.003983	0.014814	0.423298	0.627390	
L	0.829681	2.155714	0.921794	0.249940	3.408960	3.858136	0.456855	3.379053	1.591959	2.470468	5.206576	3.595735	3.119713	
M	0.603068	0.794708	0.014051	0.240097	0.695233	0.456837	0.455106	0.683707	0.002608	0.457276	1.368353	1.328569	1.986940	
N	0.603068	0.342943	0.241670	0.012907	0.242700	0.003120	0.001820	0.003628	0.002468	1.363794	0.014817	0.423302	0.401122	
P	0.829892	1.249252	0.704412	15.681987	1.828718	1.141068	14.315218	4.084173	0.002468	0.231315	0.241798	0.196669	0.401217	
Q	0.603068	1.249147	0.014051	0.240072	0.693326	0.456770	0.001820	0.230356	0.230136	0.456021	0.241576	1.100992	1.079621	
R	5.362463	0.805627	5.682990	0.921609	1.375422	0.456984	1.566483	0.003654	12.226566	0.910545	0.014814	0.196669	0.401097	
S	1.509416	1.022352	0.691757	0.239843	0.921708	0.003807	0.683155	3.404415	0.910322	2.053387	1.828494	0.863935	0.627695	
T	0.603068	1.475722	0.014051	0.012910	1.601701	0.229959	1.816617	0.683785	1.137251	1.815432	0.241576	0.876299	0.401097	
V	0.829743	1.017972	0.694924	0.921742	2.492764	7.942210	0.001820	1.147755	0.456868	2.497118	1.601044	2.690451	2.214022	
W	1.066164	2.834402	0.014051	0.012947	0.015247	0.454632	0.001820	0.457074	0.690957	0.683936	0.468296	0.650193	0.401099	
Y	0.603068	1.022772	0.014051	0.012907	0.241899	0.230071	0.228653	0.681594	0.684156	1.817164	0.242427	1.780310	0.854292	
