#O00459
A	0.596330	0.696864	1.584613	0.001339	4.829231	0.001230	0.220961	1.108468	0.198777	2.041602	2.255826	0.827460	1.067199	1.185409	
C	0.596279	0.257842	0.037076	0.001339	0.003699	0.001230	0.000644	0.003358	0.012054	0.058667	0.058846	0.168569	0.407911	0.746401	
D	0.596279	0.477356	0.037076	0.001339	0.662089	0.001230	0.000644	0.662472	0.012054	1.552308	0.937116	0.607611	0.627623	0.749479	
E	1.035149	0.696876	0.037076	0.001339	0.442904	0.001230	0.000644	1.538098	0.232265	0.501834	1.815219	0.387684	0.407918	0.965955	
F	0.815815	1.794022	0.915677	0.001339	0.223323	0.177718	0.000644	1.984535	0.012152	0.058667	0.936316	0.825183	0.846806	0.746633	
G	1.693314	1.579976	0.913406	0.001339	2.419772	0.221400	0.000644	0.223078	0.012058	1.594385	1.331132	0.823647	1.067102	0.977218	
H	0.596279	0.696901	0.915595	0.001339	0.003699	0.001230	0.000644	0.223024	0.232425	0.498223	0.278420	0.168569	0.846974	0.965898	
I	0.815802	0.696777	1.134213	0.221504	0.673960	1.320695	0.000644	0.224682	0.228388	1.376327	1.375804	1.050912	0.627493	0.965909	
K	1.035296	0.477469	0.691947	0.001340	0.443006	0.001230	0.000644	0.003358	0.016240	0.058667	0.278419	0.168570	0.627455	0.746407	
L	1.035285	1.575611	3.986137	0.441536	1.321550	16.534408	0.220905	0.223221	0.849876	1.777432	1.813739	3.422628	2.399979	1.621106	
M	0.815800	0.882811	0.256712	0.217378	0.669103	0.001230	0.000644	0.661724	0.012060	0.497888	0.282662	0.406446	1.285885	0.965805	
N	0.815803	0.915395	0.037118	0.221503	0.442841	0.001230	0.000644	0.003374	0.012054	0.278093	0.717550	1.013385	0.846547	0.752930	
P	0.814498	1.783976	0.482921	16.244828	0.888345	0.001230	18.886329	0.881071	0.012440	1.831493	1.368303	0.607724	0.847088	0.746401	
Q	0.596281	0.477250	0.256681	0.441630	0.442986	0.001230	0.000644	0.215182	0.012054	0.278183	0.278377	0.833788	0.407911	0.746401	
R	2.530570	1.093963	2.891153	0.253276	1.717026	0.441605	0.000644	0.442977	17.416514	0.278311	0.058846	0.604486	0.851787	0.746427	
S	1.250734	1.355291	1.139836	0.221486	2.390977	0.001230	0.220943	0.446634	0.012054	3.563254	2.036265	1.266027	1.286787	1.185505	
T	0.815707	0.473258	1.135142	0.001339	1.101908	0.001230	0.220886	0.442839	0.237998	0.717321	0.251544	1.046657	0.626965	0.965903	
V	1.913334	1.357649	2.199940	1.722125	0.003699	1.066761	0.000644	0.636322	0.233074	2.034496	1.381024	3.019129	2.787305	2.064243	
W	0.596279	1.794276	0.256692	0.001339	0.662628	0.221419	0.000644	5.714195	0.233387	0.278236	1.167961	0.607505	0.408013	1.404676	
Y	1.035166	0.916435	1.090989	0.001339	0.657254	0.001230	0.220962	4.361389	0.012075	0.724613	1.376631	2.144020	1.725253	0.751295	
