#O00459
A	0.848500	1.219970	2.097716	0.005063	4.019549	0.188392	0.188848	1.119555	0.742735	0.562887	1.068618	0.791156	0.952867	0.812733	
C	0.694199	0.563235	0.338150	0.005063	0.006093	0.000709	0.000190	0.001654	0.001309	0.001453	0.039124	0.137383	0.307596	0.438565	
D	0.787737	0.634373	0.524699	0.098710	0.380191	0.000777	0.000190	0.274788	0.001312	0.196923	0.501037	0.698318	0.681736	0.902376	
E	0.694338	0.656777	0.431693	0.098428	0.287118	0.187956	0.000190	0.559623	0.001309	0.277395	1.157641	1.347182	0.962382	0.813713	
F	0.787740	0.844483	0.899879	0.098713	0.563658	0.382841	0.000190	0.932269	0.651812	0.282178	1.622538	0.885711	1.244235	0.999783	
G	1.700824	1.965918	2.481621	0.469578	0.190849	0.187825	0.000220	0.137249	0.188248	2.340041	2.852422	1.536510	0.587861	0.896185	
H	0.694199	0.564077	0.338178	0.005063	0.286911	0.000709	0.000190	0.724288	0.094069	0.375463	0.506857	0.511562	0.395210	0.719110	
I	0.974774	0.843864	0.712305	0.005907	0.276782	0.186776	0.000190	2.149065	2.236154	0.282084	0.694694	0.694019	1.990834	1.093046	
K	0.881240	0.563235	0.525270	0.322539	0.473162	0.000709	0.000190	0.188714	0.001564	0.095028	0.312399	0.230640	0.307596	0.532106	
L	2.003368	1.498044	0.593997	0.007193	0.797058	9.636599	0.187536	2.785050	2.908790	0.558724	2.071561	2.577998	2.167508	3.149560	
M	0.881270	0.652280	0.801726	0.005095	0.286746	0.000709	0.000190	0.752113	0.001423	0.656130	0.547618	0.684872	1.054358	0.999799	
N	0.783034	0.749971	1.086872	0.006126	0.193251	0.000709	0.000190	0.001654	0.001309	0.751152	0.504418	0.700309	0.494685	0.993613	
P	0.976652	0.633833	0.991522	0.006187	6.325987	0.094347	19.053805	0.652622	6.177928	7.471531	0.506104	0.604731	0.718798	0.438565	
Q	0.976786	0.656776	0.618733	0.005165	0.099610	0.000709	0.000195	0.375837	0.001309	0.563150	0.506981	0.605091	0.494597	0.616458	
R	1.349497	2.145686	1.626055	17.872680	0.389243	0.261004	0.566676	1.208260	0.363005	0.375672	0.414896	1.070413	0.681766	0.719126	
S	0.975242	1.498352	1.499274	0.186186	1.879013	0.000712	0.000192	1.496875	0.282029	0.935972	1.810369	1.421198	1.523645	1.649678	
T	0.694202	0.656804	1.175502	0.098567	0.381159	0.002553	0.000194	0.843478	0.562794	1.398028	0.778418	1.353129	0.681894	0.719188	
V	0.974539	1.312359	1.541032	0.598284	1.965775	8.702628	0.000240	2.518952	1.033811	1.124471	2.189113	2.092105	1.996132	1.280262	
W	1.065835	1.124444	0.807528	0.006752	0.537286	0.162619	0.000190	2.341036	1.498519	0.562899	1.221011	0.794360	1.233861	1.321799	
Y	1.256022	1.215519	0.908249	0.098704	0.660560	0.000719	0.000197	0.936918	3.250571	1.188817	0.694182	1.263314	1.522437	0.904335	
