#P19174
A	1.273123	4.598588	0.094116	3.713899	0.393613	4.704223	1.909598	0.040688	1.606518	0.836440	1.420578	1.170549	0.863719	
C	0.475449	0.034653	0.002284	0.000576	0.000190	0.000308	0.000598	0.000474	0.001602	0.001672	0.060119	0.257894	0.524890	
D	0.682743	0.034655	0.004946	0.319378	0.000191	0.017990	0.366014	0.025363	0.244757	0.681232	0.766605	0.920310	1.048164	
E	0.667276	0.069539	0.013454	0.654910	0.018040	0.140003	0.851344	0.030475	0.368033	0.658685	0.853119	0.595061	0.940701	
F	0.752354	0.210478	0.264922	0.206741	0.087337	0.644578	0.488356	0.088665	0.951257	1.643179	1.321917	1.165564	1.032755	
G	1.383585	4.724169	0.035425	0.229666	0.038659	0.132297	0.203913	0.100637	0.918314	1.045325	1.008973	1.188100	0.972520	
H	0.649908	0.095446	0.022496	0.089236	0.000193	0.070834	0.192411	0.017744	0.436898	0.333061	0.461185	0.521293	0.699140	
I	0.781750	0.281142	0.005312	0.883277	2.294043	0.645614	0.662604	0.013990	0.851209	1.833439	1.543794	1.195007	1.137797	
K	0.719627	0.435540	0.002289	0.470595	0.000195	0.087529	0.035620	0.224963	0.036478	0.071489	0.077569	0.345091	0.612099	
L	1.534991	2.025273	0.056058	2.288689	2.674913	1.680869	1.320891	0.495867	2.782682	3.310199	3.536469	2.781129	2.539484	
M	0.884466	0.203502	0.027193	0.836524	0.016823	0.705303	0.444557	0.095675	0.928814	0.901236	1.025802	0.901687	1.224646	
N	0.702082	0.069538	0.002514	0.173245	0.000190	0.024881	0.157434	0.014921	0.365908	0.140598	0.442555	0.605790	0.734349	
P	0.946168	2.277790	19.081081	2.466831	1.932893	6.004328	8.667494	0.068582	1.436912	0.235527	0.286530	0.371823	0.647017	
Q	0.719850	0.086972	0.002432	0.719871	0.000191	0.445877	0.470220	0.051892	0.382115	0.366940	0.465444	0.783087	0.840082	
R	1.609623	1.460085	0.050596	1.042175	0.902258	0.155015	0.055707	18.482312	0.117240	0.135672	0.130156	0.389220	0.549519	
S	1.396823	1.100471	0.016801	0.964273	0.000241	1.728461	1.128430	0.086836	1.436681	1.101290	1.271525	1.564373	1.136068	
T	1.055173	0.297742	0.045475	1.061228	1.086972	0.680968	0.619534	0.069079	1.465231	0.437301	0.620504	1.098035	0.861949	
V	1.953346	1.533754	0.086776	3.549129	10.323145	1.734308	2.239593	0.051769	2.584265	2.301923	2.832414	2.438628	1.884548	
W	1.005590	0.127262	0.096917	0.117663	0.133519	0.087818	0.044168	0.000723	2.346281	2.739533	0.908246	0.787165	0.876594	
Y	0.806074	0.333399	0.088912	0.212091	0.096394	0.308797	0.141514	0.039345	0.738806	1.225260	0.966496	0.920197	0.873961	
