#P16885
A	1.011420	1.185389	0.786320	3.732993	0.000067	2.022196	0.329645	5.406947	1.840738	0.007646	1.715008	1.047354	1.305754	1.080093	1.112404	
C	0.823340	0.668157	0.452255	0.019431	0.000065	0.000802	0.000392	0.003436	0.006030	0.007643	0.022314	0.059932	0.177533	0.332750	0.548661	
D	0.824119	0.856232	0.635339	0.019431	0.000065	0.657512	0.000392	0.050469	0.570568	0.054711	0.538867	0.946852	0.741421	0.943992	1.018243	
E	0.870361	0.809086	0.733895	0.019438	0.000065	1.317769	0.000392	0.285625	1.747118	0.054788	0.774211	0.764963	0.929686	0.755531	1.112917	
F	1.011434	0.809687	0.922223	0.489770	0.000067	0.235524	0.094407	0.938716	0.429144	0.007643	1.433436	2.081138	1.493772	1.226111	1.065850	
G	1.385829	1.562146	0.970098	8.108872	0.093516	0.235942	0.094262	0.003436	0.099972	0.007644	0.586564	0.906215	0.788099	1.178433	0.783715	
H	0.871966	0.949751	0.734337	0.160531	0.000065	0.094851	0.000392	0.003436	0.194155	0.054661	0.398481	0.294289	0.600083	0.567783	0.689717	
I	0.870361	0.998295	1.252455	0.160518	0.047126	0.895248	0.656207	0.329872	0.851050	0.054829	0.957850	2.127641	1.254056	0.943562	1.253902	
K	0.823340	0.762198	0.545509	0.348665	0.000065	0.386793	0.000392	0.003436	0.052582	0.007644	0.069339	0.153883	0.177533	0.379727	0.548661	
L	0.964518	1.513599	1.958672	0.788205	0.047169	2.776190	1.639608	1.884931	1.839524	0.144551	2.137663	3.355370	2.997711	2.213479	2.334496	
M	0.927367	0.856234	0.731532	0.066499	0.000065	0.988244	0.000392	0.614888	0.661620	0.008057	0.776734	0.859317	0.600668	0.661351	0.975073	
N	0.963655	0.809218	0.875437	0.112992	0.000077	0.283529	0.000392	0.003436	0.100095	0.007685	0.304375	0.200571	0.553259	0.708654	0.736737	
P	0.917381	0.668163	0.595251	1.712452	19.525485	2.959585	1.882045	6.685452	7.806934	0.008442	1.761235	0.530085	0.412639	0.614558	0.595683	
Q	0.917367	0.715169	0.640072	0.112671	0.047127	0.612077	0.000392	0.238607	0.241637	0.007647	0.257431	0.153824	0.414956	0.755735	0.830787	
R	0.965079	1.234703	1.441020	0.814867	0.000087	1.270518	0.000392	0.144323	0.053060	19.385889	0.210377	0.059932	0.177533	0.379755	0.548661	
S	1.152480	1.650179	1.345408	1.241383	0.188312	1.222069	0.000392	1.602502	0.846365	0.007647	1.432421	1.141409	1.400036	1.553855	0.830755	
T	1.105465	0.856648	1.016493	0.254587	0.047127	0.936047	2.729057	0.661941	0.429299	0.007644	1.338553	0.389138	0.458776	0.708367	0.971757	
V	0.959608	0.950280	1.485393	1.239365	0.000065	2.962425	12.569940	0.567149	1.794907	0.007646	2.795580	2.552195	2.622975	2.588407	1.863464	
W	1.388913	0.996419	1.533393	0.066468	0.003323	0.000802	0.000518	0.191680	0.147123	0.007644	1.056684	0.952938	1.164896	1.229355	1.018604	
Y	1.245997	1.148449	1.344896	0.530861	0.000065	0.141877	0.000392	0.379718	0.288080	0.149940	1.432876	1.422952	1.728614	1.178500	1.159914	
