#P19174
A	1.053119	1.246466	1.871259	1.166424	0.596843	0.947473	1.731745	0.010005	3.292716	0.677386	0.538795	2.069081	0.378050	1.164984	
C	0.762795	0.542793	0.190425	0.052620	0.021491	0.015398	0.001789	0.001536	0.002318	0.002130	0.008377	0.055459	0.239919	0.459950	
D	0.762800	0.543154	0.463796	0.450614	0.183683	0.283973	0.141886	0.266036	1.246562	0.557695	0.566301	0.728466	0.956526	0.716585	
E	0.762795	0.610345	0.190770	0.481071	0.421107	0.580770	0.138423	0.267121	1.702264	0.796704	0.380913	0.657587	0.923701	0.745673	
F	1.302874	0.562254	1.464879	0.770512	0.034403	0.288175	0.002151	0.002525	0.159991	0.255988	0.124432	1.412869	1.367727	0.908892	
G	1.197747	0.987740	1.846335	1.879847	1.015941	0.569348	0.621932	0.266784	0.624440	0.603612	0.987329	1.201102	0.993987	1.444374	
H	0.895292	0.848142	0.334818	1.194214	0.045946	0.158836	0.001868	0.001645	0.002325	0.161529	0.008618	0.055468	0.272975	0.559687	
I	0.906394	0.655326	0.481554	0.723380	0.031592	0.437497	1.019839	1.682134	0.962195	3.165778	0.162651	0.623687	1.086996	1.422042	
K	1.041581	0.686267	0.612449	0.624567	0.151815	0.828091	0.001877	0.002389	0.002355	0.002505	0.278998	0.332125	0.240013	0.741594	
L	1.052117	1.341461	1.636964	1.424447	0.142893	2.823940	7.891870	3.755871	1.217368	6.595869	1.698449	1.907793	2.669389	2.851025	
M	0.884850	0.546195	0.476848	0.225110	0.021783	1.970007	0.002065	0.252223	1.407418	0.867450	0.622069	1.313238	0.955303	1.170275	
N	1.033495	0.685460	0.339675	0.532119	0.151505	0.015531	0.001853	0.001571	0.007139	0.100947	0.008443	0.714517	0.615754	0.744926	
P	0.982738	1.687017	0.958858	0.076289	3.089997	3.585258	4.342255	10.677374	3.861552	1.168406	8.862672	2.227199	0.757720	0.740203	
Q	0.762795	0.827992	0.748150	0.348016	0.606672	0.303328	0.391273	0.015685	0.273792	0.002304	0.011402	0.320286	0.645397	0.603217	
R	1.145657	2.554944	1.483602	2.333212	11.506273	3.400287	1.701390	0.640296	0.276551	0.143692	1.897717	0.491237	1.456888	0.459968	
S	1.134057	1.608608	0.886452	1.485940	0.306711	1.808442	0.001809	0.584396	2.303520	0.087457	1.298454	0.769369	1.236517	0.858602	
T	0.920453	0.689160	0.769009	0.712399	0.424061	0.015481	0.001958	0.161797	0.361063	0.697450	0.451001	0.220307	0.566784	0.730649	
V	1.592183	1.421507	2.460393	3.574545	0.612630	1.002239	1.297892	1.308855	2.256057	3.246331	1.365102	2.884123	2.687399	2.192596	
W	0.784212	0.861425	1.664247	1.062649	0.287947	0.262879	0.004204	0.084561	0.033876	0.020882	0.437166	0.970840	1.297175	0.738834	
Y	1.022045	1.093747	1.119518	0.882025	0.346707	0.703047	0.701922	0.017194	0.006497	0.845883	0.291111	1.045245	0.651779	0.745925	
