#Q96KQ4
A	1.113665	1.510298	0.805408	0.414991	2.951540	0.552004	0.659604	2.100601	0.003631	3.217139	0.892988	1.114152	1.391885	0.671186	
C	0.656663	0.460938	0.003750	0.000191	0.001151	0.000782	0.003540	0.004295	0.003560	0.004298	0.040454	0.132164	0.344602	0.540331	
D	0.984565	0.591849	0.003750	0.000191	1.050342	0.000782	0.003545	0.660255	0.069199	0.004298	0.106043	1.049627	0.738094	0.999380	
E	0.787896	0.983034	0.003750	0.000191	1.048862	0.066331	0.003545	0.988178	0.068939	0.069248	0.325230	0.589832	0.672488	1.000836	
F	0.853406	0.526025	0.069257	0.000215	0.389442	0.000857	0.134850	0.594527	0.003616	1.115739	2.007173	0.917078	1.195321	0.671491	
G	1.508947	2.420502	0.351340	0.000191	0.983289	0.066434	0.198411	0.595688	0.136576	0.791365	1.541658	1.179310	1.076955	1.258678	
H	0.656663	0.460938	0.003757	0.063184	0.330246	0.000782	0.069163	0.132695	0.200456	0.201084	0.302776	0.655056	0.410048	0.605910	
I	0.787825	0.984368	0.003750	0.000191	0.619030	7.105827	0.003540	1.249761	0.003561	1.315556	0.623030	1.388013	1.197176	1.000399	
K	0.918986	0.723037	0.920310	0.000191	0.066741	0.517838	0.067801	0.004295	0.134844	0.135483	0.106043	0.656780	0.541318	0.801069	
L	1.299263	2.024478	0.526328	0.257687	2.360821	3.275565	0.618150	3.813287	0.462710	4.070919	2.765666	3.973266	2.765470	1.784675	
M	0.853381	0.919988	0.135017	0.000191	0.656864	0.450879	0.070157	1.071154	0.331397	1.315695	1.808563	0.852281	0.888396	1.257978	
N	0.853375	0.592000	0.068171	0.000193	0.788221	0.000782	0.003540	0.267334	0.003560	1.053814	0.368367	0.328912	0.739604	1.127700	
P	0.722245	0.788576	0.329134	18.547239	1.180624	0.798791	17.252114	2.299876	0.854399	0.331794	0.182630	0.200827	0.734973	0.748416	
Q	0.656820	0.853510	0.069386	0.067308	1.047780	0.066236	0.199032	0.530479	0.003560	0.460536	0.368391	0.847056	1.128837	0.933697	
R	1.707489	1.181900	15.631438	0.064931	1.310824	0.339783	0.097023	0.199745	17.063626	0.135379	0.365579	0.722433	0.737397	0.802657	
S	1.638908	1.100995	0.331985	0.325102	1.247328	0.327607	0.462124	0.856050	0.083365	1.174743	2.400259	0.722447	1.197108	1.327206	
T	0.984542	0.919993	0.134640	0.191582	0.931252	0.919351	0.082169	0.424084	0.266128	1.249036	1.612538	0.394489	0.605788	0.933806	
V	1.439825	1.706811	0.197389	0.000193	2.967666	5.507804	0.064610	3.814938	0.003579	2.689695	1.484831	2.513474	2.224110	2.191563	
W	0.853291	0.593075	0.079747	0.065841	0.066736	0.000782	0.003540	0.004296	0.234237	0.200848	0.629776	0.581293	0.672362	0.671496	
Y	0.722245	0.657684	0.331692	0.000198	0.001241	0.000782	0.003540	0.388461	0.069057	0.463331	2.068005	1.181511	0.738068	0.671523	
