#Q13882
A	0.135043	0.448677	1.083056	1.439159	13.635533	0.009031	6.555033	0.010925	0.762897	0.865959	1.310652	0.284841	0.868538	0.923279	0.960591	0.981027	
C	0.135043	0.082716	0.045157	0.030041	0.009816	0.009031	0.012356	0.010925	0.031012	0.119649	0.174860	0.283581	0.868449	0.923279	0.959896	0.981027	
D	0.135043	0.082716	0.045157	0.030041	0.009816	0.009031	0.744240	0.010925	1.856791	0.120151	0.540290	1.379474	0.868465	0.923279	0.960586	1.332991	
E	0.135043	0.082716	0.045157	0.030041	0.377398	0.009048	1.812547	0.010925	1.860671	1.216895	0.906056	0.649203	0.868449	0.923366	0.959896	0.981046	
F	0.135043	0.814600	0.045157	0.030119	0.011081	0.743052	0.378359	3.310169	0.031606	1.235032	0.540430	1.029152	1.624529	0.923357	0.959980	0.981027	
G	0.135047	1.180526	2.953557	0.396909	1.122616	0.375856	2.574171	0.010925	2.234199	4.125223	1.271445	0.283585	1.252065	0.978050	0.959901	0.981031	
H	0.501946	0.082716	1.510234	0.396094	0.009816	0.009031	0.012356	0.010925	0.762899	1.217224	0.540478	2.112322	0.886055	0.923279	0.959896	0.981065	
I	0.135043	1.546433	0.045157	0.030929	0.009816	0.743524	0.378375	2.884334	1.860625	0.485425	0.174864	1.380420	1.233468	1.288499	0.968503	0.981027	
K	0.135043	0.083526	0.045157	0.396565	0.009816	0.009031	0.012356	0.010925	0.031012	0.119649	0.174860	0.283581	0.869128	0.923279	0.959896	0.981027	
L	0.269057	1.529656	8.466368	1.494571	2.869152	0.743378	1.110994	9.598436	0.396961	1.986820	1.638590	1.419613	1.599292	1.308068	1.312396	0.981742	
M	0.135056	0.814664	0.045252	0.395595	0.009816	0.009031	0.012434	1.111230	0.031012	0.851181	0.174918	0.649309	0.868454	0.924543	0.977959	0.999087	
N	0.135043	0.082716	0.411438	0.030041	0.009816	0.009031	0.012356	0.010925	0.396504	0.485422	0.540478	2.106168	0.868503	0.923279	0.959896	0.981027	
P	0.135043	0.082716	0.045157	1.127140	0.009830	16.523935	1.542902	0.010928	2.958573	0.494854	1.671742	0.283581	0.868449	0.923802	0.975677	0.981027	
Q	0.485201	0.082716	0.045241	0.030194	0.009816	0.009031	0.378458	0.010925	0.396952	2.680054	2.002885	1.014803	0.877309	0.923279	0.959896	0.981027	
R	0.499860	1.545941	1.142017	11.407981	0.009832	0.009031	0.742116	0.377391	0.031013	0.119726	0.527092	0.284537	0.868449	1.288696	0.959896	0.981027	
S	0.502062	0.753835	0.781177	1.530076	0.380159	0.376283	1.106820	0.011021	0.762911	0.485458	2.003662	0.283581	0.868617	0.924077	0.961416	0.989576	
T	0.135043	0.814361	0.046241	0.030056	0.376118	0.009031	1.110371	0.377475	0.031012	0.119649	1.635045	1.014729	0.869144	0.923319	0.959896	0.981081	
V	0.135043	1.175628	0.411501	0.380232	0.009816	0.376242	0.747766	1.466612	4.768878	1.932659	0.914382	1.380075	0.869176	1.275569	0.960126	0.981054	
W	0.138425	4.971441	1.144275	0.397667	1.110104	0.009337	0.743632	0.377029	0.397509	0.485427	0.905672	1.380482	1.234971	0.923327	1.325480	0.981060	
Y	15.847876	3.741697	1.643545	0.396548	0.009829	0.009038	0.012360	0.377049	0.396962	0.853544	2.351601	2.496963	0.868488	0.932375	0.998214	0.981027	
