#Q13882
A	1.167023	1.118080	1.041313	1.775217	8.846896	0.009400	5.635317	0.340662	0.010883	2.629684	1.310963	0.410879	1.806953	0.215728	1.330468	0.934988	
C	0.839353	0.790183	0.659089	0.407330	0.011794	0.009201	0.013214	0.011559	0.010672	0.016381	0.032076	0.083662	0.166818	0.215728	0.347173	0.606991	
D	0.839353	0.790183	0.659089	0.735309	0.011794	0.009201	0.998424	0.011559	0.343035	1.329224	0.032284	1.069452	1.150425	0.215728	1.330573	1.275076	
E	0.839353	0.790183	0.659089	0.407385	0.339651	0.338938	2.010181	0.011559	0.010747	1.001473	0.032113	0.083684	0.166818	0.871955	0.347173	0.607012	
F	1.167260	0.810169	0.987082	1.063217	0.668271	0.009203	0.013215	0.688669	0.668625	0.656813	0.689075	1.712718	0.799858	0.543810	1.331117	0.606991	
G	0.839353	0.790185	1.989961	1.719078	0.659443	0.009201	0.013322	0.011559	1.320524	1.016544	0.360848	0.084342	1.790694	1.807309	1.331177	0.607668	
H	0.839470	0.790183	0.659130	0.407330	0.011794	0.009201	0.341571	0.011559	0.010685	0.672791	0.032076	1.067882	1.791001	0.215766	0.347173	0.934960	
I	0.839353	0.790233	0.659089	2.046192	0.011850	0.009211	0.013214	2.036608	0.010793	0.344667	1.017721	0.740451	0.495010	0.215914	1.323308	0.606991	
K	0.839353	1.117372	0.659089	0.735299	0.011794	0.009201	0.341571	0.011559	0.010672	0.016381	0.032076	0.083662	0.494246	0.215728	0.347173	0.606991	
L	1.656389	0.805421	0.682056	1.392844	0.407619	0.009341	1.326120	7.853459	0.010673	1.294825	0.359472	2.675639	1.479107	2.823141	1.670819	2.902358	
M	1.495141	1.118292	0.659108	0.408192	0.340625	0.009201	0.998200	0.668788	0.010672	0.673040	1.037377	0.739869	1.150929	0.543379	0.987011	1.246787	
N	0.839353	0.790183	0.987039	0.735309	0.011794	0.009201	0.013270	0.011559	0.010694	0.016578	0.032077	0.744974	0.494807	0.543881	0.347173	0.606991	
P	0.839353	1.445775	0.659090	1.064194	5.621605	18.835889	2.580443	0.998280	15.483750	6.594964	7.229418	0.740409	0.166818	0.871366	0.661015	0.606991	
Q	0.854430	0.790183	0.986960	0.735123	0.011794	0.009201	0.998210	0.011559	0.010681	0.016382	0.032137	0.083675	1.471015	0.215728	0.347173	0.606991	
R	1.168214	1.446315	1.315546	1.377065	2.313192	0.009201	0.342547	0.011631	0.030737	1.001165	0.701238	6.979166	0.166818	0.872031	0.347173	0.606991	
S	1.187244	1.500330	1.317959	1.688828	0.014491	0.009201	2.006348	0.011578	0.010829	0.344672	4.302927	0.083662	0.822739	3.168333	1.657787	0.927321	
T	0.839409	0.790394	0.986066	0.734810	0.341213	0.009201	1.655041	0.011559	0.339920	0.673018	0.032908	0.083735	0.494200	0.872025	1.003187	0.934946	
V	0.839353	0.794580	2.298525	1.425669	0.011832	0.009238	0.344270	7.263153	0.686691	0.357708	2.324468	0.083840	1.807030	2.195992	2.315672	2.902995	
W	0.842042	1.613645	1.314333	0.734268	0.011934	0.338616	0.341630	0.011581	0.668813	0.344705	0.032077	0.740257	1.477967	0.871990	1.003043	0.934965	
Y	1.229204	1.118112	0.820386	0.407340	0.340612	0.338953	0.013892	0.011560	0.339906	0.998984	0.376669	1.708041	1.806750	2.504469	1.624615	0.934995	
