#A6NNM3
A	1.219113	0.920969	0.863487	0.723299	0.079358	0.576052	0.000270	0.216021	2.156818	0.575917	0.852655	1.086213	1.147281	1.014369	1.143680	
C	0.716230	0.489889	0.216847	0.076466	0.007433	0.001207	0.000270	0.000247	0.001256	0.000889	0.062025	0.152235	0.285149	0.511471	0.784479	
D	0.859911	0.633582	0.288696	0.148337	0.007433	0.073062	0.000270	0.072171	0.791629	0.000889	0.133900	0.870680	0.644371	0.726998	1.071840	
E	0.788071	0.489889	0.288696	0.076466	0.007433	0.144918	0.000270	0.000247	0.719777	0.000889	0.349527	0.726991	0.716215	0.942526	0.928160	
F	0.859911	0.705429	1.079034	0.363948	0.079358	0.647907	0.287962	0.000247	0.863481	0.791552	0.277651	1.086213	1.578347	0.870683	1.287361	
G	2.081199	1.567588	2.300464	2.663798	0.079358	0.360485	0.000270	0.000247	0.719777	0.288403	1.355784	1.948347	1.362814	1.373581	1.071840	
H	0.788071	0.849122	0.216847	1.010781	0.079358	0.144918	0.000270	0.072171	0.073108	0.072768	0.205776	0.942524	0.572526	0.798841	0.856320	
I	0.931752	0.705429	1.366429	0.220207	0.007433	0.719763	0.359885	0.000247	0.935333	5.463652	0.637029	1.086213	1.578347	1.229896	0.928160	
K	0.716230	0.633582	0.791638	0.938910	0.007433	0.504196	0.072193	0.000247	0.576073	0.000889	0.133900	0.367769	0.788059	0.726998	0.784479	
L	0.931752	1.280202	1.869371	0.435818	0.367059	2.085020	17.981033	0.144096	1.725706	5.607409	0.708904	2.307569	2.512323	2.451219	1.933923	
M	0.859911	0.705429	0.719789	0.292077	0.223208	1.366464	0.431808	0.072171	1.079037	0.216525	0.205776	0.726991	0.788059	1.086211	0.928160	
N	0.788071	0.633582	0.288696	0.292077	0.007433	0.144918	0.000270	0.072171	0.288664	0.072768	0.133900	0.583302	0.788059	0.726998	0.928160	
P	1.075432	0.705429	0.504243	0.363948	0.151283	0.432341	0.359885	18.269118	0.360516	0.791552	10.483970	0.439613	0.500682	0.655156	0.856320	
Q	0.788071	0.561736	0.432394	0.435818	0.079358	1.222752	0.000270	0.072171	0.504221	0.000889	0.421402	0.439613	0.788059	0.583313	0.784479	
R	1.147273	4.513299	1.438278	8.988386	18.420272	3.162854	0.072193	0.072171	0.432369	0.144646	0.062025	0.655147	0.428838	0.583313	0.784479	
S	1.290954	0.920969	0.576092	0.795170	0.079358	2.156876	0.000270	0.575644	3.234600	0.288403	1.212033	1.589125	0.931748	0.798841	0.784479	
T	1.075432	0.992815	1.294580	0.867040	0.223208	3.090999	0.000270	0.287946	1.366446	0.647796	0.421402	1.086213	0.788059	0.942526	0.856320	
V	1.290954	1.136509	3.665593	1.154521	0.079358	2.444298	0.359885	0.000247	3.450156	4.744868	1.571410	2.163880	2.440479	2.235691	1.502882	
W	1.003592	0.849122	0.719789	0.076466	0.007433	0.073062	0.072193	0.072171	0.288664	0.000889	0.493278	0.726991	0.716215	0.798841	0.856320	
Y	0.788071	0.705429	1.079034	0.076466	0.007433	0.647907	0.000270	0.000247	0.432369	0.288403	0.277651	1.014369	0.644371	0.942526	0.928160	
