#O15034
A	1.308895	1.598935	1.715832	0.023009	0.912020	0.039637	0.000010	1.900953	0.673441	0.511055	1.029651	1.263344	1.294691	0.985213	
C	0.556633	0.331944	0.131998	0.003171	0.001329	0.000031	0.000010	0.000342	0.000247	0.035844	0.138900	0.273506	0.443750	0.668435	
D	0.675417	0.391318	0.131998	0.003171	0.040870	0.000031	0.000010	0.851636	0.000260	0.134842	0.732802	0.768416	0.819501	0.905993	
E	0.695220	0.470509	0.230980	0.003171	0.436699	0.000031	0.019815	0.910984	0.059616	0.194207	0.811980	0.827807	0.701101	0.984789	
F	0.714983	0.807030	0.369545	0.022973	0.614993	0.000031	0.000010	0.277492	0.237783	0.273402	0.772393	0.986103	0.978305	1.044575	
G	1.942242	2.074065	3.695142	0.003172	0.139901	0.000060	0.000011	0.831862	0.039847	0.788257	2.534530	1.480951	1.312125	1.103931	
H	0.596178	0.351741	0.131998	0.003171	0.060695	0.000031	0.000010	0.218078	0.079447	0.075444	0.376427	0.570450	0.582305	0.747621	
I	0.734792	1.024745	0.468513	0.003171	0.912035	0.039638	0.000010	1.128563	5.426552	0.332852	1.030323	1.065334	1.217923	1.162988	
K	0.813970	0.510020	0.805013	0.260598	0.872436	0.000031	0.000010	0.317110	0.059630	0.194228	0.396239	0.511064	0.503141	0.688231	
L	1.091058	1.361390	0.488367	0.201211	3.921118	19.263791	0.039630	2.115710	4.316798	0.570367	1.900105	2.391736	2.086830	1.557512	
M	0.893169	0.945429	0.349639	0.022818	1.703959	0.316898	0.000010	1.445609	0.158264	0.372442	0.871352	0.986160	1.097002	1.044743	
N	0.695212	0.510114	0.527937	0.020259	0.260734	0.000031	0.019814	0.534862	0.059647	0.332845	0.772379	0.867408	0.800998	0.945560	
P	0.872651	0.826853	0.686194	0.022971	0.001531	0.158057	19.841432	0.316699	0.871443	13.240639	0.316624	0.590211	0.601720	0.708016	
Q	0.794177	0.529895	0.547573	0.003171	1.090088	0.079436	0.000010	0.515733	0.059647	0.154637	0.515019	0.570423	0.701075	0.866364	
R	2.595549	1.460370	4.189548	19.349592	2.376740	0.041709	0.000010	0.772246	0.435745	0.213769	0.554637	0.629950	0.721088	0.826811	
S	1.209815	1.262189	1.735598	0.022581	1.941436	0.019858	0.039547	2.692720	0.237843	0.649836	1.782038	1.718248	1.156425	1.242525	
T	0.893165	1.262384	0.904009	0.003171	1.406910	0.000031	0.019815	1.207953	1.643531	0.530836	0.851576	0.788182	0.918850	0.846661	
V	1.447330	2.885456	2.309768	0.003171	2.099405	0.020750	0.019813	3.723209	5.521046	0.906983	2.929701	2.134298	2.265019	1.816610	
W	0.734749	0.628178	0.289990	0.022276	0.318062	0.019831	0.000010	0.039935	0.079339	0.154664	0.792137	0.768392	0.839681	0.925781	
Y	0.734798	0.767435	0.290360	0.003173	0.889039	0.000088	0.000010	0.198305	0.039873	0.332850	0.891185	0.808017	0.958470	0.927642	
