#O15034
A	0.622892	1.510540	0.437086	1.336589	1.406235	0.006498	1.046424	0.233404	0.930291	1.742690	0.117770	1.046458	0.727332	0.425565	1.150827	
C	0.622892	0.582286	0.437086	0.059871	0.013429	0.006498	0.001880	0.001102	0.000841	0.002010	0.001687	0.001163	0.379245	0.425565	0.570724	
D	0.622892	0.814349	0.437086	0.175936	0.129496	0.006498	0.117941	0.001102	0.000841	0.234101	0.117770	0.233450	0.727332	0.541612	0.686745	
E	0.622892	0.814349	0.437086	0.408067	0.941966	0.006498	0.930364	0.349555	0.000841	0.930373	0.117770	0.117307	1.423506	0.541612	0.686745	
F	4.800087	0.582286	0.553151	2.497242	0.013429	0.006498	0.001880	0.349555	0.000841	0.698282	1.394682	0.117307	0.727332	0.773707	0.570724	
G	1.087025	4.759430	1.017410	2.149046	2.915108	0.355095	0.930364	0.117253	0.117022	1.162463	0.466019	0.001163	0.843361	1.586040	1.382868	
H	0.622892	0.582286	0.553151	0.175936	0.129496	0.238896	0.117941	0.001102	0.117022	0.350146	0.117770	0.117307	0.611303	0.425565	0.802765	
I	0.622892	0.698317	0.437086	2.845438	0.129496	0.006498	1.046424	0.465706	0.000841	1.742690	3.832423	0.233450	0.843361	0.425565	0.686745	
K	0.622892	0.698317	0.437086	0.524132	1.870504	0.122697	1.742787	0.001102	0.000841	0.814327	0.001687	0.117307	0.495274	0.425565	0.686745	
L	2.131324	0.582286	1.597733	1.336589	0.709832	1.168489	0.117941	12.893855	1.162654	0.234101	6.386247	1.394889	4.092173	5.067467	1.382868	
M	0.622892	0.582286	0.437086	1.104459	0.593765	0.006498	0.698243	0.698008	0.000841	0.350146	0.814267	0.001163	0.959390	0.541612	0.918786	
N	0.622892	0.582286	0.437086	0.292002	0.129496	0.006498	0.466122	0.001102	0.000841	1.510600	0.117770	0.117307	0.379245	0.425565	0.570724	
P	0.622892	0.698317	0.901345	0.175936	2.915108	0.936091	1.278545	1.046460	15.220590	0.930373	0.698184	13.009277	0.843361	0.541612	2.195011	
Q	0.622892	0.582286	0.669216	0.292002	0.129496	0.122697	0.466122	0.233404	0.349385	0.118055	0.117770	0.117307	0.611303	0.541612	0.570724	
R	0.738925	1.394508	8.097357	0.292002	4.191847	16.274367	3.251572	0.814159	0.697929	1.510600	0.698184	1.162601	1.771593	0.773707	0.802765	
S	0.738925	0.814349	0.437086	0.292002	0.245563	0.006498	0.814303	0.349555	0.581747	4.179642	1.046433	0.814170	1.075419	0.889755	0.918786	
T	0.622892	0.582286	0.437086	0.640198	0.245563	0.238896	4.876418	0.001102	0.581747	2.438962	0.466019	0.814170	0.611303	0.425565	2.543072	
V	1.435124	1.046413	0.437086	5.282809	2.682974	0.006498	1.858847	2.440272	0.000841	0.466191	2.439428	0.233450	1.655564	1.237898	1.614908	
W	0.854959	1.510540	1.017410	0.059871	0.477698	0.471294	0.001880	0.001102	0.117022	0.350146	1.046433	0.117307	0.495274	3.558849	0.686745	
Y	0.738925	0.582286	0.785280	0.059871	0.129496	0.006498	0.234001	0.001102	0.117022	0.234101	0.001687	0.233450	0.727332	0.425565	0.570724	
