#Q5TCX8
A	1.370009	0.827226	1.961426	2.277952	0.544960	2.634877	0.000955	0.108285	1.837328	0.431558	2.274820	0.914485	1.145325	1.146264	
C	0.827632	0.611301	0.342301	0.032754	0.004398	0.001871	0.000955	0.000153	0.001861	0.001051	0.007573	0.013055	0.174369	0.390729	
D	0.935675	0.611301	0.450233	0.032754	0.004398	0.757608	0.000955	0.000153	0.870338	0.217144	1.736292	0.444897	0.904621	0.926878	
E	1.043487	0.827194	0.667125	0.032755	0.004398	1.086229	0.000961	0.000153	0.633721	0.001938	0.440485	0.768974	0.390854	0.714510	
F	0.827656	0.611302	0.665812	0.356554	0.113336	0.109826	0.109010	0.000153	1.297358	0.325244	0.547305	1.631969	0.822022	1.039104	
G	1.367368	1.258913	1.636736	2.181582	0.004403	0.973581	0.108997	0.000153	2.053382	0.757389	1.087100	0.666716	0.822338	1.143239	
H	0.827632	0.611301	0.666139	0.032776	0.004398	0.325744	0.000955	0.000153	0.217775	1.100549	0.547534	0.311623	0.496297	0.390729	
I	0.935561	0.613969	0.453015	0.356584	0.004427	0.325740	2.485484	0.000153	0.865528	0.109269	0.763514	1.292342	1.145757	1.076178	
K	0.935558	0.611301	0.774169	0.572407	0.004398	0.651642	0.000955	0.000153	0.110013	0.001051	0.115517	0.013056	0.282307	0.498664	
L	0.936015	0.935079	2.395060	5.325636	0.273733	2.163480	10.146265	0.000153	1.605003	0.415659	1.411057	3.036009	3.409779	1.793788	
M	0.935573	0.611302	0.882318	0.033227	0.005443	0.757568	0.000955	0.000153	0.433783	0.001051	0.984608	0.880266	1.044008	1.012835	
N	0.827850	0.827194	0.665925	0.358352	0.004398	0.973478	0.000955	0.000153	0.649787	0.433238	0.842962	0.228720	0.498256	0.606603	
P	0.827996	0.719253	1.298256	0.248696	18.904074	0.854631	0.541164	19.564520	0.432942	0.433440	0.877501	0.552778	0.606025	0.714525	
Q	0.827632	0.827446	0.666120	0.248757	0.004398	0.629376	0.000955	0.000153	0.217774	0.111928	0.223440	0.550028	0.714100	0.714494	
R	1.135423	5.141713	1.105066	1.870605	0.004456	0.866242	0.000955	0.000154	0.217793	13.721441	0.634648	0.013055	0.174369	0.498612	
S	1.154382	1.151019	1.647691	1.761593	0.004499	1.405650	0.109011	0.000153	1.300146	0.541280	1.950228	2.365592	1.487404	1.792694	
T	0.935625	0.827670	0.774082	0.502841	0.004398	1.944173	0.757355	0.108297	0.759294	0.219900	0.871174	0.552636	0.606512	0.498600	
V	1.585678	0.935158	1.311510	2.408282	0.096653	3.534543	5.731253	0.108299	4.764472	0.333080	1.734272	1.201231	2.876473	2.548932	
W	0.935565	0.719681	0.754913	0.468658	0.004427	0.001871	0.000955	0.000153	0.433693	0.435982	1.662194	2.176374	1.145648	1.562268	
Y	0.827683	0.720675	0.882100	0.897234	0.004407	0.001871	0.000955	0.108297	1.298009	0.407807	1.287774	2.386194	1.253535	0.930355	
