#Q5TCX8
A	0.883925	1.071651	1.028867	1.460271	0.511905	5.023214	0.253328	0.084575	2.359808	0.175104	0.889632	0.763512	0.878199	1.029047	
C	0.549189	0.145023	0.018128	0.010994	0.006189	0.001325	0.000346	0.000228	0.001500	0.005256	0.131770	0.287651	0.456663	0.860598	
D	1.054404	0.145023	0.186598	0.769037	0.006189	0.422524	0.000346	0.000228	0.755820	0.005256	0.383235	0.624529	0.813336	0.863357	
E	0.801843	0.145023	0.438502	0.432128	0.090462	1.008531	0.084668	0.084565	2.035417	0.173101	0.467860	1.213927	1.129948	1.197481	
F	0.970257	0.397745	0.944924	0.600686	0.342653	0.254061	0.000348	0.000228	0.169969	0.426557	0.552982	0.877544	0.877778	1.196870	
G	1.475507	0.903247	1.029553	2.209259	0.343277	1.096436	0.084685	0.000228	1.601634	0.089517	0.805656	1.462150	0.961750	0.862977	
H	0.549189	0.145023	0.607737	0.263658	0.006189	0.085570	0.084673	0.084565	0.169963	0.158951	0.468558	0.475835	0.626592	0.944812	
I	0.633406	0.395664	0.352892	0.347982	0.511804	0.169818	0.085288	0.253239	0.338424	6.240981	0.636975	0.468723	0.709425	0.999515	
K	0.801843	0.229264	0.354966	0.095404	0.006189	0.505214	0.000346	0.000228	0.338269	0.005256	0.131770	0.456096	0.625106	0.860600	
L	1.306791	0.987483	1.448558	1.188626	2.577295	1.094595	17.465474	0.253239	1.698770	4.063847	1.479514	1.971965	1.974939	1.281769	
M	0.886049	1.829846	0.607499	0.852895	1.185198	0.085577	0.169000	0.000228	0.759501	0.763671	0.632911	1.295547	1.378335	1.048936	
N	0.801671	0.145023	0.270973	0.851964	0.006189	0.085582	0.000346	0.000228	0.590975	0.005256	0.659215	0.793181	0.877719	0.944813	
P	0.717339	0.650466	0.198672	0.684820	0.108763	3.211127	0.000406	18.730600	0.928618	0.426441	8.130046	0.287695	0.540985	0.860610	
Q	0.549189	0.650273	0.186587	0.516318	0.259008	0.775322	0.000346	0.000228	0.759573	0.171586	0.553009	0.542510	0.709322	0.944849	
R	1.403844	6.297244	4.055681	1.356884	10.540286	1.180198	0.084673	0.168902	0.675327	0.175002	0.316325	0.540320	0.625099	0.860640	
S	1.810136	0.481999	2.537195	2.873775	0.090383	2.949631	0.169001	0.000228	2.526229	0.005260	1.058716	1.736991	1.285062	1.198408	
T	0.717574	0.481616	0.860431	1.918434	0.090461	0.507529	0.000347	0.000228	1.347836	0.424449	0.637196	1.382705	0.877478	1.029078	
V	1.305159	1.577110	1.788753	1.948196	0.524201	1.372606	1.515685	0.337575	2.350254	5.729352	1.143015	2.982271	2.138359	1.113665	
W	1.728229	1.071337	2.138883	0.681694	1.691629	0.001325	0.000346	0.000228	0.085733	0.424458	0.441065	0.789713	1.214820	1.041332	
Y	1.054453	2.249939	0.944600	0.936976	1.101732	0.169814	0.000346	0.000228	0.506381	0.530701	0.480549	1.047135	1.299085	0.860644	
