#Q5HYK7
A	4.968992	0.678990	3.421959	1.827765	0.001187	2.186982	0.001331	2.212235	0.952323	0.735089	2.294938	1.399631	1.493203	
C	0.356877	0.195330	0.026469	0.001536	0.000758	0.002008	0.001326	0.001770	0.001927	0.003743	0.039961	0.064963	0.645294	
D	0.356877	0.201562	0.163449	0.121945	0.001509	0.243936	0.001377	0.122788	0.250568	0.246419	0.282509	0.430244	0.766419	
E	0.356877	0.195407	0.753376	0.001536	0.242462	0.486816	0.122752	0.365224	0.123291	0.369713	0.405327	0.430921	0.888343	
F	0.363014	0.315722	0.630873	0.243735	0.000798	0.366739	0.119515	0.254416	2.308545	0.488540	1.615365	1.150122	1.123735	
G	2.654350	1.024258	1.396168	0.489679	0.131052	0.625351	0.249050	1.089393	0.973069	1.442528	1.500934	1.035653	1.006935	
H	0.478214	0.316730	0.026469	0.122945	0.244174	0.366074	0.124869	0.125067	0.002138	1.582454	0.282187	0.428788	1.009060	
I	0.478226	0.195330	2.447627	1.229680	0.122262	1.219901	0.948733	0.001845	1.348459	0.125411	0.055521	2.000431	1.024112	
K	0.477388	0.316590	0.629898	0.362451	0.263360	0.002008	0.969512	0.124139	0.001927	1.458267	0.165944	0.064966	0.769337	
L	0.478166	0.633568	0.514315	2.850409	0.603077	3.406203	2.328404	0.972826	5.754506	1.825565	4.140367	4.539640	1.856593	
M	0.477450	0.315727	0.517040	0.001590	0.211192	0.742035	0.122596	1.336982	0.500950	0.974438	0.888260	1.037075	1.130065	
N	0.356981	0.195437	0.626735	0.001631	0.001316	0.188027	0.001326	0.001774	0.366018	0.125078	0.768308	0.668452	0.891383	
P	1.075625	10.283974	2.221015	0.492806	16.388925	2.064194	1.216529	7.972326	2.428184	1.256244	0.525315	0.687767	0.798854	
Q	0.356877	0.196081	0.269146	0.243889	0.001492	0.002014	0.505806	0.368076	0.123862	1.204963	0.282397	1.278378	0.887606	
R	0.842931	1.647636	1.241204	9.330730	0.118506	0.624937	11.436333	0.614052	0.366346	3.866086	0.527182	0.073889	0.645298	
S	1.327941	1.298177	1.000743	0.354110	0.696597	2.413261	0.001327	0.832072	0.732519	0.493582	0.528616	0.405527	0.889356	
T	0.842291	0.437394	1.593212	0.264593	0.490200	1.092771	0.257591	1.416984	0.608401	0.126400	1.007958	0.542965	0.782007	
V	3.017360	0.559056	1.144026	1.707877	0.479461	3.398280	1.346100	1.333072	1.947962	1.474803	3.122361	2.539682	1.737926	
W	0.376688	0.313555	0.384186	0.346385	0.000916	0.212538	0.244196	0.610451	0.728155	1.103529	0.309790	0.428572	0.887797	
Y	0.356877	0.679476	0.992089	0.004707	0.000758	0.355924	0.001326	0.244509	0.480850	1.097147	1.256760	0.792335	0.766677	
