#Q5HYK7
A	0.099772	0.841206	0.399712	0.207135	0.104964	0.001204	0.914143	2.051307	0.424735	0.107235	0.214453	1.287189	
C	0.001613	0.001270	0.001465	0.001399	0.001315	0.001127	0.000916	0.005218	0.005835	0.004881	0.009808	0.010033	
D	0.001613	0.001270	0.001465	0.001399	0.001315	0.103671	0.000916	0.005218	3.833965	0.005213	0.009817	0.218997	
E	0.001613	0.103417	0.001468	0.001440	0.103950	0.001350	0.000958	0.212811	1.658099	0.004882	0.009808	3.117430	
F	0.001685	0.001270	0.209649	0.825899	0.103065	0.208980	0.001863	0.005218	0.210409	0.728905	0.923510	0.409352	
G	1.450497	3.103197	1.141014	0.001471	1.329606	0.001148	0.000932	12.533271	0.109338	0.004883	0.110653	1.678484	
H	0.001613	0.001270	0.001466	0.001399	0.001387	9.214148	0.000917	0.005218	2.886233	0.004881	0.009808	0.010033	
I	0.208847	0.104945	0.830714	6.423426	0.206696	0.209834	0.001010	0.005218	0.524451	0.004942	0.113401	0.010035	
K	0.207230	0.104944	0.001465	0.001615	0.104989	0.104651	0.208338	0.005218	0.316426	0.004961	0.009808	0.010033	
L	0.340033	0.624609	0.797729	3.914060	2.260376	2.683860	0.222892	0.241368	0.828365	16.293216	13.298629	1.237987	
M	1.859911	0.001270	0.623425	3.318562	0.618660	0.001141	0.730621	0.302811	0.109493	0.212444	1.148130	0.321107	
N	0.312631	0.001270	1.343089	0.105082	0.001317	0.104792	0.000916	0.212608	1.975510	0.095411	0.009911	0.010033	
P	0.401394	0.817033	0.625837	0.592069	1.339896	2.077624	5.176990	0.536755	0.626874	0.006011	0.226432	0.113742	
Q	0.001627	0.310301	0.208216	0.001462	0.001315	4.143432	0.000916	0.108921	0.420381	0.004881	0.113536	0.113741	
R	13.042467	5.779724	4.679822	1.358729	4.153583	0.421883	0.622367	2.701173	0.005849	0.004881	0.009822	0.010033	
S	0.920761	1.271389	6.830670	0.723339	2.171159	0.001128	0.619166	0.005331	0.951809	1.765344	0.533016	0.111742	
T	0.623648	0.191433	0.622476	1.243709	0.104964	0.208629	11.389422	0.005503	0.316121	0.004902	0.011184	0.010033	
V	0.001702	0.001270	0.104591	0.652663	0.132318	0.001128	0.000921	0.527772	0.007212	0.421829	2.699649	11.092521	
W	0.519723	6.532047	0.831099	0.623732	7.257807	0.001128	0.104878	0.523837	0.005835	0.315420	0.425285	0.217442	
Y	0.001618	0.206865	0.744626	0.001409	0.001316	0.509144	0.000917	0.005221	4.783059	0.004881	0.113337	0.010033	
