#A4FU49
A	1.362278	1.313971	0.685982	0.492530	1.169381	1.071834	0.027099	0.975918	0.488714	0.488714	3.400598	0.515036	0.127920	1.144793	1.773315	0.999741	1.289519	
C	0.879243	0.830941	0.685982	0.492530	0.201711	0.103649	0.027099	0.008258	0.001995	0.001995	0.007449	0.030304	0.127866	0.177903	0.322895	0.516526	0.806513	
D	0.879243	0.830941	1.169099	0.492530	0.201711	0.103649	0.027099	0.008258	0.001995	0.001995	0.491508	0.030304	0.127897	1.627389	0.322895	0.516526	0.806513	
E	0.879243	0.830941	1.169099	0.492530	0.201711	0.103649	0.027099	0.491911	0.001995	0.001995	0.491507	0.030304	0.127866	0.661654	0.806371	0.999761	0.806513	
F	0.879243	0.830941	0.685982	0.492530	1.169363	0.588178	0.027099	0.975822	0.001996	0.001995	0.491508	0.515034	0.132677	1.628479	1.772477	0.999724	1.289551	
G	1.845295	0.830941	2.135332	1.942459	4.072311	2.042009	0.027100	0.008258	0.001995	0.488714	1.943672	0.030304	2.065427	3.566664	0.811165	2.449684	1.289560	
H	0.879243	0.830941	0.685982	0.975843	0.684680	1.072718	0.027388	0.492040	0.001995	0.001995	0.491508	0.030304	0.127866	0.177903	0.322896	0.516526	0.806514	
I	0.879243	1.313969	1.169099	0.492530	0.685546	0.103649	0.027099	0.008258	0.001995	0.001995	0.007449	5.362312	0.127866	1.628254	1.289847	0.999762	0.807125	
K	0.879243	0.830941	0.685982	0.975844	1.169370	0.103649	0.027099	0.976075	0.001995	0.001995	0.007449	0.030304	0.612242	0.177903	0.322895	0.516526	0.806513	
L	0.879243	0.830941	0.685982	0.975844	1.653202	0.103650	0.027099	0.974966	18.501932	0.488697	2.427744	5.847080	1.581279	1.628248	3.707445	2.449496	1.772607	
M	0.879243	0.830941	0.685982	0.492530	0.201711	0.103703	0.027099	1.943388	0.488714	0.001995	0.491499	0.030304	0.611389	0.177933	0.806372	0.998915	0.806513	
N	0.879243	0.830941	0.685982	0.975709	0.201711	0.103649	0.512699	0.008258	0.001995	0.001995	0.007449	0.030304	0.612256	1.144803	0.806371	0.516526	1.289546	
P	0.879243	0.830941	0.685982	0.492530	0.201711	0.103649	0.027118	0.008258	0.001995	18.501950	0.007689	0.999769	9.331053	0.177903	0.322895	0.999720	0.806513	
Q	0.879243	1.313955	0.685982	0.492530	0.201711	0.588183	0.027099	1.459592	0.001995	0.001995	0.007449	0.030304	0.127885	0.661745	0.806371	0.516526	0.806513	
R	0.879243	0.830941	0.685982	3.875713	0.201711	9.794175	17.539790	0.976197	0.001995	0.001995	0.007449	0.030304	0.127866	0.177903	0.322895	0.516526	0.806513	
S	0.879243	1.313972	1.169082	1.459157	0.201712	1.072717	1.486511	2.910981	0.001995	0.001995	3.879326	0.030304	1.097269	1.144804	0.807001	1.004561	0.806513	
T	0.879243	0.830941	1.169097	1.459157	1.169381	1.072726	0.027099	3.394759	0.001995	0.001995	1.459873	0.515036	1.096640	1.144762	0.322903	0.516527	0.806513	
V	1.845303	1.313972	1.652216	0.975843	5.040028	1.557250	0.027099	1.459594	0.001995	0.001995	3.395862	4.877395	1.096615	1.628254	3.223724	2.450087	1.772626	
W	0.879243	1.796991	2.135187	1.459128	0.201719	0.103649	0.027099	0.008259	0.488714	0.001995	0.007449	0.030304	0.612256	1.144800	0.806371	0.516526	0.806513	
Y	0.879243	0.830941	0.685982	0.492530	1.169620	0.103668	0.027108	2.910952	0.001995	0.001995	0.975566	1.004688	0.127866	0.177904	0.322895	0.999815	0.811311	
