#Q99961
A	0.792009	0.608332	0.447311	2.076382	0.927388	0.004148	3.228990	0.928100	0.974831	0.031857	0.053953	0.101387	0.215979	1.319432	1.479852	
C	0.792009	0.608304	0.447311	0.238382	0.007215	0.004148	0.008085	0.006934	0.006625	0.031857	0.053822	0.101387	0.215979	0.399974	0.561243	
D	0.792009	2.905153	1.366498	0.697881	0.007215	0.004149	0.467704	0.006934	0.006629	0.950012	0.053823	2.859432	0.675825	0.859715	0.561259	
E	0.792009	1.067676	0.447311	0.697882	0.007215	0.004148	1.846688	0.466542	0.928115	0.951735	0.053822	1.479381	0.675809	0.399974	1.020547	
F	0.792009	0.608304	0.906775	1.615971	0.927388	0.490730	0.927469	0.470218	0.928765	0.951741	0.974070	1.938400	0.215979	0.400089	1.482993	
G	2.168167	1.984711	1.366085	1.156816	1.847499	0.004156	0.927300	0.467139	0.006643	1.459077	1.892434	1.941180	1.595534	0.859713	1.020550	
H	0.792009	0.608304	0.447318	0.238480	0.007215	0.004148	0.467768	0.006934	0.927691	0.490895	0.514269	1.020730	0.215979	0.399974	0.561243	
I	0.792009	0.608304	0.447311	0.238382	0.467322	0.465749	0.467771	1.387582	0.467540	0.031857	0.514260	0.561059	0.675825	1.319451	1.020547	
K	0.792009	0.608304	0.906905	0.238382	0.927388	0.004148	0.008085	0.926395	0.006625	0.031857	0.056926	0.561057	0.215979	0.399974	0.561243	
L	0.792011	1.527219	0.906910	1.616903	5.527466	0.927161	1.846835	4.173872	0.927372	3.710675	2.402052	1.939553	2.559803	3.662736	1.525806	
M	0.792009	1.066724	0.907633	1.155239	0.466859	0.004148	0.927452	0.466581	0.006627	0.491786	0.974731	0.101387	1.594767	0.400119	1.479852	
N	0.792009	0.608311	0.447311	0.238382	0.007215	0.004148	0.467119	0.006934	0.006625	0.494837	0.053823	0.101387	0.215979	0.399974	1.020547	
P	0.792749	0.608304	1.365528	2.535881	0.467302	14.312255	0.467768	1.847799	11.990160	3.250366	0.974589	1.480290	0.215979	1.779136	0.561243	
Q	0.792009	0.608304	0.447311	0.697870	0.007215	0.466399	0.468348	0.006934	0.006625	0.491786	0.053822	0.101387	0.215979	0.859713	0.561243	
R	1.737794	1.553644	5.042626	1.661444	1.847559	0.004247	1.386563	0.467150	0.006636	0.031955	8.342058	0.607146	0.675815	0.399974	0.561243	
S	0.792009	0.608304	1.366464	2.075426	0.007215	0.973342	1.385538	0.466364	0.931686	0.951288	0.053834	0.101387	0.215979	0.399974	0.561243	
T	1.251292	1.067676	0.447311	0.238382	0.466410	0.925645	0.954126	0.467295	0.468782	0.031857	0.053822	0.564156	0.215984	0.403073	0.561243	
V	0.792009	0.608304	0.447311	0.698621	1.387474	0.927447	3.271288	6.495369	0.928353	3.711296	0.053823	2.398622	2.518363	4.537055	1.939279	
W	2.169856	1.527517	1.391325	0.699309	2.841795	0.004165	0.008160	0.467784	0.006625	0.951552	1.435787	0.560101	3.433694	0.399974	1.479862	
Y	0.792009	0.608304	0.447442	1.183985	1.847642	0.465517	0.466942	0.467140	0.467043	0.951715	1.434277	1.480572	3.434773	0.399974	1.478962	
