#Q9Y371
A	1.653918	1.427411	1.144216	1.498281	3.207301	0.765520	0.855661	2.172719	2.500542	2.340098	2.312262	0.210687	1.249608	
C	0.632452	0.256398	0.106436	0.003344	0.002750	0.002364	0.002046	0.002448	0.002315	0.002272	0.002680	0.025051	0.370359	
D	0.632456	0.824994	0.397364	0.003357	0.710630	0.133710	0.729672	1.070211	0.002346	0.150545	0.772798	1.245410	0.660904	
E	0.632452	0.256532	0.396219	0.006926	0.576767	0.684764	0.002063	0.870957	0.002550	0.553014	0.694177	0.482612	0.518226	
F	0.796463	0.404462	0.865417	0.441302	0.441824	1.449003	0.441113	1.497803	0.150882	0.726151	0.729942	0.883499	0.805002	
G	1.770341	2.115806	4.161249	1.058784	0.395293	0.149425	0.457452	0.433019	0.003722	0.890914	2.975917	1.175157	0.760357	
H	0.800471	0.403482	0.298651	0.003482	0.569926	0.002371	0.294595	0.002448	0.730095	0.425043	0.576955	0.319029	0.516372	
I	0.777007	0.256436	0.399280	0.149758	0.565936	0.426660	0.300718	0.003135	2.045896	0.293859	0.296922	0.759673	1.818810	
K	0.779376	0.529269	0.962557	0.592227	0.149397	0.002364	0.144684	0.002448	0.712927	0.437586	0.290228	0.025051	0.370686	
L	1.541528	1.602058	0.715059	1.484565	0.453970	8.755201	1.187712	3.714630	3.821802	1.069009	1.916694	3.056111	2.168966	
M	0.778765	0.695468	0.385458	0.428036	0.729816	0.598568	0.148463	0.738610	0.752697	0.480392	0.719050	1.099091	1.247469	
N	0.781513	0.405587	0.641819	0.152089	0.441693	0.155695	0.157132	0.147294	0.002322	0.318660	1.025713	0.783265	0.809139	
P	0.931777	1.705911	0.569273	3.921866	3.655199	0.584558	8.893070	1.463046	0.914265	6.987591	0.462018	0.755494	0.959170	
Q	0.632452	0.548581	0.393649	0.150241	0.007111	0.312678	0.439831	1.313157	0.169665	0.294598	0.144093	0.310877	0.966498	
R	1.505321	1.287989	2.734285	6.429507	1.719613	1.241594	2.071401	0.341147	3.455062	0.443407	0.155840	1.464138	0.669657	
S	1.217439	1.129549	0.398705	0.004817	2.415324	1.315954	1.546504	2.797966	0.863403	2.534453	2.369945	1.867713	0.907427	
T	0.924832	1.344668	0.830020	0.294052	0.915213	0.433245	0.187928	0.880760	0.809444	1.173479	0.161229	0.604042	0.795232	
V	1.204653	1.987026	2.019573	1.060095	1.608998	1.842255	1.044968	1.667338	2.468467	0.172971	2.634119	2.539227	2.924692	
W	1.066856	1.857728	1.755090	1.447152	1.430300	0.658528	0.003924	0.002505	0.145721	0.163503	1.025008	0.775261	0.669866	
Y	0.939931	0.960644	0.825680	0.870119	0.002940	0.485543	1.091063	0.878357	0.445876	0.542455	0.734411	1.618614	0.811561	
