#Q99961
A	1.188415	0.725228	0.004990	0.347610	1.034566	0.347382	0.691416	0.003861	0.004928	1.739034	0.039677	0.090020	0.500768	
C	0.845916	0.037990	0.004988	0.003439	0.004425	0.003093	0.005111	0.003860	0.004904	0.020675	0.039677	0.090020	0.158930	
D	0.846032	0.382008	0.004989	0.003440	0.347814	0.003093	6.867948	0.003860	0.348124	0.020676	0.039677	0.433500	0.158930	
E	0.845916	0.725229	0.347276	0.690888	0.004425	0.003093	0.005111	0.003870	0.347510	0.708014	0.039677	0.090020	0.158930	
F	0.845916	1.068148	2.750518	0.003439	5.840246	0.003093	0.348272	1.721815	0.004904	0.705522	1.068692	1.120272	0.158932	
G	0.845917	11.720124	4.122405	0.346119	0.346300	0.003103	0.005552	1.375594	0.004904	12.393226	0.039681	0.090020	0.158930	
H	0.845917	0.037990	0.004988	0.003440	0.004425	0.003093	2.063974	0.003860	0.004905	0.020675	0.382707	0.090020	0.158930	
I	0.845917	0.037990	0.004988	0.003439	0.004425	0.346935	1.033499	0.004313	2.750672	0.362554	2.441095	0.090020	0.158930	
K	0.845916	0.037990	0.004988	0.003441	0.004425	0.003093	0.348258	0.347438	0.004904	0.020675	1.068857	0.090020	0.158930	
L	1.186818	0.038012	3.436863	12.030986	4.467850	3.096633	0.348252	0.691609	3.435179	0.708022	1.412472	11.079969	2.906141	
M	0.845916	0.037990	0.004998	1.034501	0.004425	0.345111	0.691876	0.003860	1.377780	0.020676	6.557826	2.494349	9.429612	
N	1.188479	0.037990	0.004988	0.689061	0.347814	0.003093	3.093432	0.003863	0.004905	0.020675	0.382728	0.090020	0.158930	
P	1.873629	0.037990	1.377756	3.440816	0.004586	0.690611	0.690597	0.347439	1.378233	0.020678	0.725796	0.433500	0.158930	
Q	0.845916	0.037990	0.004988	0.003439	0.004425	0.003093	1.375736	0.003860	0.004904	0.020675	1.068856	0.433500	0.158930	
R	0.846355	0.381766	3.780692	0.003441	0.347813	0.003093	0.005112	0.691005	4.807181	0.020675	0.382737	0.090020	0.502268	
S	0.845916	0.723400	0.691675	0.347179	0.690585	1.378487	0.347198	1.376213	3.437119	1.051801	0.382666	0.433493	1.188982	
T	0.846370	0.037994	0.004988	0.003447	0.004425	0.003093	0.690785	0.691016	1.034567	0.020676	1.755104	0.090020	1.187951	
V	1.530304	0.381618	0.689858	1.034993	5.155681	0.691031	0.005117	0.347429	0.004904	2.083382	1.409477	0.776988	2.218188	
W	1.188490	3.130831	1.377754	0.003439	0.346762	13.066686	0.005112	0.691288	1.034568	0.020996	0.722920	1.116808	0.158930	
Y	0.845942	0.381720	1.375312	0.003441	1.034585	0.003093	1.377641	11.683948	0.004904	0.020696	0.039678	0.777424	0.158930	
