#Q96B97
A	1.752945	1.639286	0.157632	4.384370	0.109675	0.159338	2.729889	0.000837	0.345521	1.293034	1.250443	0.673098	0.945496	0.901068	
C	0.158160	0.100508	0.005774	0.001315	0.000494	0.000306	0.001392	0.000836	0.020391	0.124767	0.283202	0.512006	0.843368	0.901012	
D	0.316556	0.261592	0.086384	0.645755	0.000923	0.000306	1.209659	0.000839	0.020426	1.332252	0.927627	0.904082	1.165572	0.981623	
E	0.399580	0.608129	0.006152	0.726336	0.081161	0.000306	1.426401	0.000925	0.021358	0.689042	1.249741	0.915738	0.864928	1.223326	
F	1.294752	0.945102	0.079791	0.040139	0.000504	0.080936	0.323680	0.788279	0.181548	1.169502	0.891821	0.836534	0.947676	0.922743	
G	2.225182	1.712477	0.095445	1.159148	0.001526	0.000306	0.646195	0.000944	0.344903	1.731650	1.533869	0.754015	1.164613	0.990212	
H	0.399786	0.502837	0.086458	0.162596	0.000495	0.080945	0.001397	0.000849	0.181521	0.618313	0.466640	0.592592	0.925491	0.981923	
I	0.687006	0.798548	0.005806	0.242978	0.892783	0.000309	0.553908	5.065893	0.124834	0.536080	0.941312	1.259744	0.924829	1.053868	
K	0.480391	0.723766	0.175737	0.162431	0.230762	0.000308	0.081960	0.240281	0.022859	0.367079	0.283405	0.592691	0.843368	0.901014	
L	1.042699	1.096436	0.231972	1.361332	15.980199	0.158478	3.187700	8.362147	0.614264	1.578482	2.550145	2.305786	1.198146	1.005089	
M	1.080040	0.296648	0.247210	0.572431	0.180399	0.000306	1.682290	0.000875	0.020421	0.634399	0.950922	0.844012	1.246708	0.981965	
N	0.560899	0.583812	0.085077	0.319160	0.000495	0.080926	0.663788	0.061487	0.188215	0.951677	0.525361	0.673197	0.843972	0.981549	
P	0.801432	1.223705	2.864180	3.732435	0.150358	17.953178	0.948390	0.319596	16.575993	0.445104	0.525010	1.142280	0.843471	0.901012	
Q	0.227042	0.709410	0.143693	0.750163	0.083493	0.000306	0.806372	0.000840	0.020391	0.205524	0.433657	0.762157	0.923984	0.901014	
R	1.134099	2.373109	15.029903	1.160704	0.564495	0.736551	0.197478	0.257379	0.129694	0.527973	0.429124	0.834862	0.843567	0.901062	
S	1.315153	1.787579	0.247313	2.327422	0.067213	0.404129	1.380986	0.206344	0.340051	2.099493	1.200478	0.938808	1.237786	1.052810	
T	1.038592	1.195284	0.005798	0.565659	0.000515	0.260861	1.098380	0.323888	0.253168	0.713749	0.847767	0.858062	0.912935	0.902376	
V	1.849461	2.114319	0.087938	1.362274	1.465744	0.000313	2.560190	4.172306	0.519762	2.853913	2.693726	2.087960	1.305142	1.552331	
W	1.768771	0.743545	0.282923	0.242753	0.000523	0.000697	0.256417	0.000837	0.029863	0.882022	0.766313	1.105764	1.094036	0.981576	
Y	1.467456	0.583908	0.074815	0.080600	0.188241	0.081197	0.243526	0.194616	0.044816	1.245945	1.249436	1.406611	0.924910	0.982428	
