#Q96B97
A	1.066867	1.508661	2.149138	0.099098	1.482111	3.531013	5.095588	2.134112	0.181445	1.902976	0.820346	1.181896	1.163383	0.992166	
C	0.598214	0.398668	0.119466	0.000068	0.000219	0.000171	0.000939	0.000998	0.001645	0.002814	0.009304	0.145412	0.401325	0.601624	
D	0.703865	0.654029	0.149511	0.000072	0.180407	0.000171	0.000941	0.436634	0.151881	0.363456	0.339768	0.507909	0.776845	1.142374	
E	0.703402	0.709570	0.254591	0.000068	0.556038	0.015194	0.080701	0.631903	0.301949	0.318180	0.354800	0.640928	0.742793	0.932058	
F	0.791811	0.721830	0.766628	0.834206	0.375776	0.000172	0.030970	0.500174	0.136880	1.700691	2.314310	1.076305	0.967700	1.078250	
G	1.744878	1.975692	2.386050	0.054567	0.195317	0.000171	0.121049	0.376526	0.271706	1.100134	0.857616	0.926459	1.182599	1.065666	
H	0.688342	0.578994	0.374822	0.030086	0.150442	0.000171	0.046007	0.076105	0.076788	0.391458	0.245484	0.460855	0.626348	0.661639	
I	0.724902	0.659035	0.750370	0.060168	2.177450	1.096855	0.318535	1.220109	0.162473	0.767314	1.944555	1.463038	1.167238	1.053793	
K	0.838543	0.808173	0.643599	0.000068	0.227716	0.045240	0.091073	0.166676	0.136403	0.032730	0.039310	0.355686	0.476431	0.661709	
L	0.989032	1.519776	2.841304	0.152079	1.920073	1.157527	0.428247	2.393348	0.612140	2.405539	4.333404	3.385974	2.498219	2.249568	
M	0.831855	0.677534	0.510108	0.013747	0.672749	0.045240	0.408548	0.842219	0.166906	0.703912	1.176647	0.984781	1.092180	1.022140	
N	0.808507	0.669041	0.239885	0.015910	0.105375	0.000174	0.102745	0.124891	0.060517	0.299241	0.324663	0.490886	0.596489	0.811921	
P	1.199263	1.075445	0.668422	17.333741	0.678346	8.073093	7.591122	3.306499	0.041569	0.874411	0.264641	0.343308	0.596582	0.691752	
Q	0.750602	0.600553	0.394201	0.040698	0.420402	0.015194	0.301496	0.376546	0.061742	0.378315	0.131461	0.534380	0.746799	0.841963	
R	2.714452	1.792397	2.832988	0.489991	0.796472	3.483570	0.910807	0.403841	16.477870	0.152939	0.162350	0.295496	0.596564	0.661700	
S	1.283708	1.450962	1.050868	0.122143	0.693838	0.120239	1.651544	1.134405	0.362755	1.632395	1.535693	1.282552	1.559504	1.144117	
T	0.974777	0.915511	0.780415	0.045060	1.292138	0.297160	0.923063	0.977300	0.213679	1.169805	0.504881	0.651686	0.808945	0.916815	
V	1.093930	1.615343	1.981864	0.046731	7.914390	1.998239	1.792171	4.315936	0.284194	2.738487	2.504002	3.171235	2.042644	1.802009	
W	0.778511	0.894612	0.368259	0.135333	0.030258	0.075213	0.043514	0.196283	0.135098	1.348724	1.150991	1.026089	1.075592	0.826937	
Y	0.714538	0.774172	0.737512	0.526167	0.130483	0.045193	0.060941	0.385495	0.162360	1.716478	0.985775	1.075127	0.881818	0.841799	
