#Q96B97
A	0.893011	1.724881	11.858576	0.006245	1.618216	0.005550	0.006937	1.080508	1.080424	1.080516	3.764407	0.033201	0.116349	
C	0.893011	0.114238	0.032395	0.006245	0.005409	0.005550	0.006937	0.006713	0.007747	0.006615	0.006917	0.033201	0.116349	
D	0.893011	0.114238	0.032395	0.006245	0.005409	0.005550	1.080375	0.006713	0.007747	0.007051	0.006917	0.033201	2.258548	
E	0.893011	0.114238	0.032395	0.006245	0.005409	0.005550	0.006937	0.006713	0.007747	0.006615	0.543589	0.033201	0.116349	
F	0.893011	0.114238	0.569939	0.543396	0.005409	11.293819	4.301148	0.543610	1.616990	1.080516	0.006917	0.570309	1.187449	
G	0.893011	2.798249	2.720113	0.543281	12.370699	0.005550	0.006937	0.006713	0.544522	1.617467	3.764864	0.033201	0.651899	
H	0.893011	0.651044	0.032395	0.006245	0.005409	0.005550	0.006937	0.543610	0.007747	0.006615	0.543705	0.033201	0.651899	
I	0.893011	0.651044	0.032395	0.006245	0.005409	1.080603	0.006937	0.006713	1.080409	0.543566	0.543705	0.033201	0.116349	
K	0.893011	0.114238	0.032395	0.006245	0.005409	0.005550	0.006937	0.006713	0.007747	0.006615	0.006917	0.033201	1.187449	
L	0.893011	0.651044	0.032395	5.378183	1.080599	3.231143	4.301149	4.302119	6.980147	9.671609	0.006917	9.701240	1.722980	
M	0.893011	0.651044	0.032395	0.006245	0.005409	0.005550	0.006937	0.006713	2.153102	0.006615	0.006917	1.107417	0.116349	
N	0.893011	0.114238	0.032395	0.006245	0.005409	0.005550	0.006937	0.006713	0.544086	0.006615	0.006917	0.033201	2.258550	
P	1.427793	0.114238	2.182554	0.543396	0.005409	0.543076	0.543714	0.543611	1.080309	2.154417	0.006917	0.033201	1.187335	
Q	0.893011	0.114674	0.032395	0.006473	0.005409	0.005550	0.006937	0.006713	0.007747	0.543566	0.006917	0.033201	0.651899	
R	1.427793	0.651044	1.645026	1.080546	1.618099	0.543076	0.543941	0.543495	0.007747	0.543562	0.006917	0.033201	0.651899	
S	0.893011	0.114238	0.032395	1.617697	2.155819	0.005550	3.228017	1.080508	0.544086	0.006615	1.080719	1.644525	1.187449	
T	1.427793	0.114238	0.032395	0.543396	0.005409	0.005550	0.543713	0.006713	1.080424	0.006615	1.080492	0.570309	0.116349	
V	0.893672	10.313551	0.569824	0.543396	0.543011	2.693166	0.006937	1.080508	3.225775	2.691580	7.521938	0.033201	1.187449	
W	1.427793	0.651044	0.032395	9.137786	0.005637	0.005550	5.374699	9.134395	0.007747	0.006615	0.006917	2.718740	0.116349	
Y	0.893011	0.114238	0.032832	0.006245	0.543011	0.542961	0.006937	1.080508	0.007747	0.006615	1.080492	3.255850	4.400750	
