#Q5TCZ1
A	1.151913	1.154490	1.563505	6.618465	0.000091	1.359180	0.213889	4.703767	0.054333	0.056230	2.223525	0.066955	0.822335	0.917828	
C	0.607665	0.406713	0.182089	0.000671	0.000085	0.000941	0.000455	0.000861	0.000075	0.002800	0.017003	0.019306	0.393382	0.594338	
D	0.607665	0.406713	0.399582	0.000671	0.000085	0.881399	0.000455	1.090883	0.000075	0.002800	0.131176	0.019306	0.710807	0.703271	
E	0.607665	0.567873	0.485890	0.055182	0.000085	0.927383	0.109500	1.304441	0.000075	0.002818	1.015846	0.019306	0.554459	0.703095	
F	0.935631	0.900059	1.051146	0.448980	0.052561	0.327731	0.055075	0.109703	0.000087	0.056842	0.877804	1.239740	0.935894	0.916967	
G	1.301182	2.792658	1.430958	6.148712	0.000085	0.480024	0.381200	1.726630	0.000075	0.002800	1.376979	0.179866	0.991378	1.239792	
H	0.716590	0.406713	0.290000	0.107791	0.109173	0.164152	0.160126	0.055363	0.000075	0.002800	0.451678	0.127564	0.556523	0.648821	
I	0.879835	0.461163	0.672028	0.269921	0.000761	0.872339	0.218548	0.327789	0.056425	0.002800	0.762666	2.185996	1.480239	0.811424	
K	0.716383	0.624592	0.996191	0.000671	0.054629	0.205749	2.284893	0.158927	0.000075	0.002800	0.235669	0.019306	0.717549	0.802759	
L	0.940694	1.595835	1.706439	0.255049	0.000086	2.273297	0.484626	1.279905	19.479793	0.002802	2.536058	12.089132	1.646034	1.791450	
M	0.693888	1.111587	0.454055	0.269064	0.000085	1.349177	0.163762	0.641469	0.025066	0.002801	1.101527	1.095809	0.828644	1.302445	
N	0.662155	0.459617	0.508837	0.000671	0.000094	1.039678	0.000812	0.382343	0.000075	0.002800	0.343615	0.019341	0.448191	0.757761	
P	0.662147	1.613653	1.128755	1.522540	19.400144	0.001239	0.402743	4.043601	0.109582	19.507311	0.662830	0.126407	1.628023	0.757663	
Q	0.662131	0.620993	0.617514	0.000671	0.054615	0.926171	0.158553	0.436134	0.000075	0.002800	0.720860	0.019306	0.608468	0.854492	
R	2.290812	1.710941	2.203117	0.486805	0.000085	0.540873	14.223675	0.298964	0.163699	0.117224	0.725362	0.291623	1.046521	1.245401	
S	1.095630	1.208233	1.922246	0.923403	0.054911	3.043542	0.377448	2.103586	0.054639	0.165882	1.992642	0.179628	1.149865	1.083399	
T	0.879215	0.896609	1.322408	0.000671	0.108541	2.431329	0.162816	0.380920	0.000075	0.002834	0.888225	0.019306	0.719736	0.919248	
V	1.762958	1.165507	1.842543	2.344223	0.109172	2.574322	0.054979	0.737205	0.055548	0.057260	3.194198	1.701209	3.108619	1.735305	
W	1.302380	1.053548	0.936649	0.381647	0.054628	0.600403	0.054976	0.162162	0.000075	0.002800	0.234951	0.234574	0.880353	1.078962	
Y	1.523462	0.842505	0.286047	0.164194	0.000085	0.001072	0.491469	0.055348	0.000075	0.002800	0.507387	0.346318	0.772981	1.135581	
