#Q5TCZ1
A	2.311803	0.706987	1.569341	2.067222	0.057174	1.024585	0.502525	0.999913	0.999941	0.005636	1.991694	0.999436	0.181744	0.306162	0.925809	
C	0.826498	0.702676	0.578817	0.081478	0.057174	0.031039	0.006121	0.006176	0.006295	0.005636	0.007961	0.007420	0.181744	0.306162	0.430396	
D	0.826498	1.197852	0.578819	0.577916	0.057174	0.031039	0.006121	0.999742	0.501424	0.005636	0.007962	0.999899	0.181744	0.306162	0.430396	
E	0.826498	0.702676	1.074080	0.081486	0.057174	0.031039	0.006122	0.006176	0.006295	0.005636	0.503937	0.007420	0.181744	0.306162	0.430396	
F	0.826498	1.197852	0.578818	0.577763	1.049505	0.532222	1.496808	0.006176	0.999412	1.497051	2.487576	0.007420	1.669717	2.288932	1.421226	
G	1.821022	1.197854	2.559896	0.081489	1.545670	2.018453	0.006121	0.999420	0.006296	0.005636	0.007962	1.496159	0.181778	0.801578	0.925326	
H	1.321600	1.197885	0.578817	5.045863	0.553340	0.031039	0.503017	0.503045	0.006295	0.502774	0.508255	0.503507	0.181744	0.306162	0.430396	
I	0.826498	0.702676	0.578817	0.577901	2.538004	0.031039	0.006122	0.006176	0.503082	0.502766	1.991867	0.007420	1.172058	4.767400	3.898290	
K	0.826498	0.702676	0.578817	0.081478	0.057174	0.031039	0.503017	0.503047	0.999913	0.005636	0.007961	0.999913	0.181744	0.306162	0.430396	
L	0.826498	0.702677	2.559878	0.081510	6.009508	0.031057	8.949944	0.006176	0.006295	11.437709	0.503936	0.007421	3.157186	0.801846	1.916641	
M	1.321600	1.197860	0.583129	0.081478	0.553346	0.031039	0.006121	0.006176	0.999914	0.999946	0.007961	0.503685	1.173556	0.306162	0.430396	
N	0.826499	0.702676	0.578817	0.081478	0.057174	0.031039	0.507343	10.440448	0.999913	0.005636	0.999898	7.451121	0.181744	0.801855	1.421225	
P	0.826498	0.702676	1.074079	0.081480	1.545484	2.018466	0.006133	0.999889	0.006295	2.491329	2.486166	0.503666	0.677735	0.306180	0.430396	
Q	0.826498	0.702676	0.578817	0.081478	0.553340	0.031039	0.503024	0.006176	0.006295	0.005636	0.007961	0.999636	0.677736	0.306162	0.925534	
R	0.826498	3.178567	1.074079	6.533502	2.537694	0.527906	4.973380	2.493187	0.503108	0.005636	0.007961	0.503667	0.181744	0.306162	0.430396	
S	0.826498	0.702676	0.578820	1.570494	0.057174	9.966545	0.503036	0.503045	5.470730	0.507102	1.991373	0.007420	0.677736	0.801684	0.925796	
T	0.826498	0.702676	0.578817	0.577916	0.553339	0.031045	0.503017	0.502768	7.959612	0.999419	3.975771	2.492942	0.677735	0.801855	1.914965	
V	0.826500	0.702678	1.569351	0.081478	2.046189	1.521338	0.999775	0.006176	0.006297	0.502786	1.495889	1.494482	0.181763	2.782951	1.421225	
W	0.826498	1.197851	1.569171	1.078676	0.057187	1.521139	0.006132	0.999912	0.006295	0.005636	0.007961	0.007453	2.661410	1.792749	0.430396	
Y	0.826498	1.197852	0.578818	0.577916	0.057174	0.527897	0.006121	0.006176	0.006295	0.502759	0.999946	0.999913	5.637639	1.297517	0.430396	
