#Q5TCZ1
A	0.959004	1.200966	0.463390	1.826056	0.014265	0.675087	0.002263	0.002068	0.002460	0.449678	0.730758	1.359675	0.710121	
C	0.518002	0.305977	0.205213	0.048516	0.014203	0.001617	0.002259	0.002064	0.002085	0.014370	0.058217	0.239406	0.486317	
D	0.965515	0.307069	0.877294	1.169255	0.238307	0.001729	0.002260	0.225340	0.002085	0.014370	0.058223	0.240131	0.693838	
E	0.519274	0.305977	0.205219	1.162609	0.014205	0.001624	0.226579	0.002107	0.002350	0.014370	0.316363	2.688358	0.710120	
F	0.741799	0.306026	0.205215	0.048516	1.143397	0.226026	3.370747	0.002067	0.002271	7.863186	0.277433	0.463286	0.710092	
G	2.112789	2.991784	3.748107	2.957314	0.014450	0.001618	0.450446	0.002064	0.237732	0.243244	1.403311	1.798538	2.264097	
H	0.969159	0.529460	0.877507	0.048530	0.464005	0.001636	0.675046	14.576995	0.440056	0.240027	0.058217	2.700632	0.710121	
I	0.952008	0.985782	0.429067	0.272428	0.238338	0.001617	0.002268	0.003338	0.219824	0.908196	1.166046	0.693629	0.940402	
K	0.518002	0.753655	0.657360	0.271998	0.462407	0.001617	0.006801	0.002250	0.003691	0.238407	0.058238	0.239415	0.486330	
L	1.869143	1.213692	0.661210	1.648900	4.714576	0.898886	1.112669	1.334287	0.002085	1.817137	0.509779	2.702060	1.157716	
M	0.518011	0.529830	0.652723	0.272367	0.014246	0.001617	0.226540	0.002074	0.002085	0.685552	11.046249	0.463288	0.710349	
N	0.518002	1.423957	0.429067	0.948369	0.014203	0.001617	0.002371	0.450667	0.674389	0.014371	0.058266	1.582246	0.486317	
P	0.966171	0.529821	0.428369	1.158200	0.462401	15.473315	0.002308	0.899212	1.343648	0.014373	0.281279	0.241586	1.159830	
Q	1.405252	0.753663	1.094938	0.943985	0.014203	0.001618	0.002601	0.006528	0.225520	0.686578	0.266094	0.686066	0.710121	
R	1.861724	2.324592	1.777710	1.167142	7.629417	0.451540	0.002279	0.922304	0.897233	0.685864	0.058218	0.462947	0.933926	
S	0.965610	2.313904	1.772146	2.062393	0.468547	0.001649	0.225984	0.443107	14.564329	0.910316	0.290451	0.461754	1.828543	
T	1.190988	0.753664	1.323554	0.496249	0.686515	0.450435	0.002269	0.226597	0.235115	0.232142	0.277022	0.463291	1.156080	
V	0.741799	1.408898	1.772267	1.833183	2.018980	0.234299	0.003049	0.221591	0.915049	1.581928	2.969401	1.806261	2.279541	
W	0.742152	0.529818	1.319016	1.167726	0.462720	0.448791	10.980151	0.673193	0.002131	3.363144	0.058217	0.239701	0.709205	
Y	0.965595	0.531464	1.100630	0.496265	0.910612	1.123658	2.701111	0.002148	0.225863	0.022746	0.058217	0.467731	1.156935	
