#A1X283
A	1.059076	1.250524	1.507231	1.579093	0.001873	0.089638	0.082012	0.001569	0.350618	0.538441	2.784532	1.777182	1.005422	
C	1.045702	0.553994	0.377662	0.100823	0.001868	0.088923	0.266930	1.551668	0.000869	0.188850	0.366346	0.506928	0.298451	
D	0.880551	0.543428	0.373993	0.710137	0.178959	0.004571	0.151972	0.079442	0.416961	0.001482	0.012082	0.659225	0.649958	
E	1.057334	0.631816	0.639598	0.707132	0.090235	0.096169	0.092495	0.000591	0.073820	0.001484	0.181951	0.939520	0.596133	
F	0.880566	0.631293	0.462562	0.793019	1.133020	0.001582	3.676168	0.090212	0.120411	7.296195	0.363009	0.242892	1.423308	
G	2.028829	2.125681	3.351604	2.482705	0.097278	0.187201	0.334161	0.000477	0.000873	0.795828	0.280459	1.599130	0.985269	
H	0.968912	0.631831	0.369272	0.355535	0.729951	0.348014	0.443930	16.611388	0.000874	0.886441	0.006060	0.943580	1.099815	
I	0.703771	1.338743	0.979597	0.443984	0.887217	0.089671	0.001760	0.000484	0.266392	1.650370	0.084944	0.942767	1.002546	
K	0.706965	0.894313	0.284883	0.626693	0.274747	0.001155	0.090173	0.000464	0.000868	0.001478	0.094399	0.754247	0.297939	
L	1.146071	1.024610	1.738626	0.887505	8.983018	0.626664	0.621062	0.203880	0.266690	0.896395	1.107014	2.440543	2.565409	
M	0.880560	0.543500	0.642670	0.794652	0.093345	0.174519	0.001729	0.000474	0.000868	1.312219	8.053689	0.647641	0.913313	
N	0.880566	0.631832	0.550392	0.704961	0.204826	0.001522	0.001727	0.000545	0.000876	0.001478	0.091841	2.086300	0.465699	
P	0.884054	1.083005	0.787539	0.355367	0.271355	16.863057	0.266394	0.266263	1.684642	0.001479	0.584704	0.324346	1.075831	
Q	0.792163	0.455043	0.549976	0.620293	0.269412	0.093433	0.090128	0.088972	0.257600	0.532242	0.623159	0.757739	1.700518	
R	1.057009	1.429646	2.320986	3.023670	3.404344	0.386668	0.574857	0.632320	0.452533	0.177575	1.243998	0.333211	1.118768	
S	1.234157	1.336280	1.524906	1.850004	0.266857	0.664459	0.942794	0.000567	12.870947	2.170169	0.326061	1.642933	1.723994	
T	0.703771	0.722353	0.991416	0.654453	0.363766	0.183776	0.001823	0.000474	0.546723	0.154659	0.264564	0.759892	0.728361	
V	1.234154	1.502163	1.167385	2.008378	1.589475	0.096559	0.889534	0.090780	0.572667	1.399860	3.261786	1.716708	1.013120	
W	0.975036	1.244478	0.386729	0.588307	0.361009	0.001251	7.854658	0.000466	1.759281	1.903423	0.175016	0.511045	0.612777	
Y	0.880754	1.425465	0.992972	0.713290	0.797445	0.001169	3.615693	0.378964	0.355486	0.089931	0.094386	0.414170	0.723368	
