#A1X283
A	0.917332	0.061940	2.004259	4.817218	0.567927	1.296894	1.121463	3.956832	6.097640	0.585582	0.582849	0.329333	
C	0.352171	0.060601	0.032684	0.018198	0.002899	0.004327	0.004731	0.004195	0.004153	0.003139	0.018502	0.046170	
D	0.352171	0.339716	0.315571	0.018222	0.733010	0.288030	0.569058	0.004195	0.004164	0.004058	0.300076	0.046170	
E	0.634249	0.060601	0.596831	0.018239	0.279054	0.004327	0.004731	0.568784	0.004155	0.287222	0.297227	0.893123	
F	0.352171	0.625569	1.606976	0.300134	0.281690	0.292732	0.004735	0.004236	1.131660	0.003139	0.740258	1.739953	
G	4.003631	1.636796	2.013440	1.977518	0.568276	0.004329	1.409243	1.975747	1.965523	1.129735	2.264905	0.329554	
H	0.634240	0.343854	0.032837	0.864997	0.002899	0.568510	0.286899	0.004215	0.286511	0.003139	0.018502	0.046170	
I	0.352171	0.060601	0.879159	0.300493	0.002966	0.286479	1.697788	0.291405	0.004153	0.273400	1.147436	0.334513	
K	0.352190	0.339639	0.875696	0.300482	0.002899	0.568864	0.286390	0.004198	0.004154	0.003639	0.300727	0.046170	
L	0.639594	0.343441	3.132621	1.877760	0.562697	1.976733	0.851128	1.864924	1.132977	1.408342	2.574588	5.290239	
M	0.913094	0.900721	0.330738	0.582862	0.002899	0.568932	3.390611	2.818959	0.568853	0.003139	0.865117	0.610860	
N	0.634247	0.060602	0.032684	0.300986	0.287087	0.287425	0.004731	0.004195	0.286504	0.569124	0.018503	0.046885	
P	0.635584	1.755826	0.032712	5.099320	12.989227	1.133541	0.850971	0.568262	4.539404	12.153874	0.018539	0.046189	
Q	0.633808	0.343375	0.032693	0.018198	0.589248	0.004354	0.286577	0.286286	0.004178	0.003139	0.300737	0.328425	
R	1.762883	11.345188	1.427727	1.138214	1.416668	2.557460	2.270631	1.415025	0.561997	1.579589	0.865207	0.333626	
S	0.916350	0.065492	0.879438	0.300522	0.003243	6.487123	1.866648	0.292724	0.004219	0.570261	1.709299	0.328913	
T	0.634252	0.625609	0.316036	0.316356	0.002968	1.967707	0.848459	0.286515	0.568774	0.285800	1.146866	0.046170	
V	3.451097	0.344353	3.985423	0.861021	0.002919	0.851097	3.107320	4.794323	1.417249	0.285767	5.945161	2.014393	
W	1.194840	0.343138	1.156230	0.871055	0.568106	0.846806	0.005159	0.004199	0.569127	0.844773	0.302752	4.841437	
Y	0.633927	0.342936	0.316245	0.018206	1.133318	0.004331	1.132728	0.850782	0.844605	0.003139	0.582749	2.301707	
