#Q7Z6J0
A	0.948025	1.133127	1.266865	0.164925	4.111657	0.615024	0.175983	3.739737	0.089426	0.579892	1.037921	1.434675	1.183011	1.147227	
C	0.516841	0.293442	0.132903	0.000148	0.001248	0.004313	0.004335	0.001465	0.000909	0.055836	0.174261	0.300134	0.484854	0.708212	
D	0.516900	0.293442	0.132904	0.000148	0.346904	0.004313	0.004335	1.398634	0.088167	0.318047	0.960338	0.998795	0.833897	0.970074	
E	0.604183	0.380379	0.393881	0.000342	0.699923	0.004313	0.004335	1.233426	0.088288	0.491768	1.134227	0.912831	1.009122	0.795403	
F	0.770134	2.208981	0.569603	0.000148	0.001270	0.528299	0.004335	0.088837	0.172302	0.229374	1.038450	1.261588	1.183637	1.300493	
G	1.390026	1.793224	1.791373	0.000151	0.786208	0.004313	0.091734	1.398835	0.260489	0.230664	2.602610	0.892898	1.106246	1.145489	
H	0.603443	0.553954	0.396639	0.000280	0.175743	0.004313	0.091752	0.174969	0.174977	0.056243	0.436241	0.387489	0.658397	0.708576	
I	0.896067	0.904769	0.831955	0.000640	0.089546	0.096106	0.004338	0.261727	6.105701	0.230561	0.523464	1.290637	1.460311	0.967536	
K	0.953479	0.380682	0.312052	0.104174	0.263010	0.004313	0.091717	0.001466	0.000932	0.055836	0.348823	0.300134	0.484854	0.795464	
L	2.170609	0.642002	1.364281	0.000488	1.364116	16.257510	0.004766	2.041504	7.676526	1.256803	1.393664	2.513913	1.970554	1.312416	
M	0.951615	0.555348	0.657002	0.000149	1.049285	0.265044	0.004335	1.393555	0.263732	0.751448	1.136918	1.159822	0.834174	0.795550	
N	0.691444	0.468721	0.656837	0.000149	0.091066	0.004313	0.004335	0.612889	0.000914	0.143232	0.976507	0.649494	0.659460	0.882844	
P	1.098523	2.727817	0.884811	0.101623	7.078856	0.354064	14.291852	0.463893	0.000909	13.072215	0.523875	0.562155	0.659987	0.970122	
Q	0.778766	0.293481	0.895927	0.000151	0.525549	0.004313	0.091714	0.088643	0.000909	0.055836	0.262879	0.646998	0.921115	0.971451	
R	1.909810	1.022571	0.831830	19.450759	0.438005	0.004332	4.095241	0.175118	0.000914	0.446352	0.436504	0.387478	0.743846	0.882782	
S	1.040117	1.340206	2.058444	0.087652	1.398923	0.266638	0.669271	3.144498	0.087814	0.841675	1.924046	0.823675	1.019813	1.242137	
T	0.865985	0.642763	0.948324	0.087434	0.438030	0.101349	0.265169	1.221941	0.485863	0.405477	1.035639	0.998317	0.485295	0.882708	
V	1.389923	0.988378	4.125859	0.000330	1.049538	0.944106	0.004335	1.601869	4.150216	0.492257	2.472287	2.831386	2.473233	1.494508	
W	1.125378	1.512224	1.177851	0.000148	0.002512	0.353761	0.091782	0.438192	0.175724	0.143242	0.873366	0.736328	0.905065	0.881810	
Y	0.778733	1.864489	0.570659	0.000159	0.088611	0.179261	0.004335	0.518802	0.175287	0.143243	0.707981	0.911252	0.923132	1.145199	
