#Q8TEC5
A	0.700370	3.279228	0.668385	1.241966	0.008389	1.811939	0.612457	0.003720	0.010396	1.811034	0.037257	1.240616	0.910280	0.730688	
C	0.700370	0.280162	0.065541	0.039763	0.008389	0.008239	0.010783	0.003720	0.008440	0.009321	0.037256	0.038670	0.310594	0.730688	
D	0.700370	0.280162	0.065541	0.039835	0.609490	1.210706	1.809487	1.211125	0.008444	3.612786	0.639093	1.240608	0.310594	0.730688	
E	0.700370	0.280162	0.065541	0.639889	0.008389	0.008239	0.610473	0.003720	0.008440	0.609898	0.037257	0.038670	0.310594	0.730688	
F	0.700370	1.479795	0.065541	1.240014	0.609532	0.609102	1.210161	0.003720	3.013589	3.012117	1.234541	0.639643	2.109630	0.730688	
G	3.697025	2.679402	0.065613	0.039763	1.204492	1.811954	0.610455	0.607409	0.609548	0.009568	0.037257	1.240601	0.910283	1.922691	
H	0.700370	0.280162	0.065541	1.840167	0.609599	0.609504	0.010783	0.003720	0.609552	0.009321	0.037256	0.038670	0.310594	0.730688	
I	0.700370	0.879979	0.065541	0.639889	2.412950	0.008239	3.009208	0.003720	0.609551	0.009321	0.037257	0.038689	0.310594	0.730688	
K	1.299703	0.280162	0.065541	0.039763	0.609531	0.008239	0.010783	0.003720	0.008441	0.009321	0.037256	0.038670	0.310594	0.730688	
L	0.700370	2.079645	0.065541	3.040321	3.014121	0.609725	2.409524	0.607693	0.008440	3.613904	0.037257	8.446156	2.711259	2.528245	
M	0.700370	0.280162	0.065541	0.039763	0.008389	0.008239	1.210160	0.003720	0.008440	0.009331	1.842469	0.639680	0.910283	1.329863	
N	0.700371	0.280162	0.065541	1.240015	0.008389	0.008239	1.210084	0.003720	0.008440	0.009321	0.037256	0.038670	0.910261	0.730688	
P	0.700370	1.479789	13.932979	0.639889	0.010345	9.028613	1.809856	0.003752	0.008440	0.009321	1.240959	0.038670	0.910283	0.730688	
Q	1.299703	0.879979	0.065541	0.039763	0.008389	0.008239	1.210141	0.003720	0.008440	0.009321	0.037257	0.038670	0.310594	1.329525	
R	0.700370	0.282113	0.065556	0.639867	1.209913	0.609472	0.610443	16.910296	0.609551	0.609528	0.037300	1.240655	0.910283	0.730688	
S	1.899013	2.678609	0.065541	1.840133	0.008389	1.210673	0.609785	0.607652	6.614429	1.210474	10.870741	1.242534	0.910277	1.929347	
T	0.700370	0.280162	0.065541	0.039763	2.412915	0.008239	1.210162	0.003720	3.013977	0.609969	1.240930	0.038670	0.904116	0.730688	
V	0.700385	0.880026	1.874102	3.640445	7.221607	1.209909	1.210165	0.003720	1.811014	2.411632	1.844764	1.841228	3.908339	0.730688	
W	1.298913	0.280162	1.873303	2.439084	0.008389	0.008239	0.604307	0.003720	2.412880	0.609885	0.037505	0.639616	0.310594	0.730688	
Y	0.700442	0.879978	0.668033	0.639904	0.008390	1.204256	0.010783	0.003720	0.609546	1.804631	0.639133	1.240619	1.509951	0.730693	
