#Q8TEJ3
A	0.817472	2.752067	0.438748	1.991968	1.709320	0.420814	1.200499	0.039005	1.278299	1.504229	0.488247	0.591522	1.050868	
C	0.458401	0.118730	0.019680	0.017009	0.003361	0.001765	0.003492	0.009067	0.021465	0.037926	0.099195	0.202495	0.542185	
D	0.608014	0.148654	0.049614	0.615482	0.093148	0.061630	0.362594	0.039005	0.410485	4.676232	0.458320	0.651372	0.871333	
E	0.817472	0.238427	0.019680	0.765100	0.003361	0.091562	0.991022	0.009067	0.201012	0.845889	0.398466	0.471821	0.781565	
F	1.026930	0.747140	0.079547	0.495787	0.182936	0.420814	0.572070	0.039005	1.427922	1.504229	0.607955	0.950624	1.230404	
G	1.894685	3.350553	0.259148	0.765100	0.212865	0.869795	0.392519	0.098880	1.308224	0.935662	0.847372	0.800998	1.050868	
H	0.757627	0.417972	0.079547	0.435940	0.093148	0.091562	0.242893	0.068942	0.590033	0.516718	0.338612	0.471821	0.841411	
I	0.787550	0.777064	0.229214	1.154107	1.918823	0.061630	1.469825	0.068942	0.799505	0.815964	0.518174	1.070324	0.931178	
K	0.578092	0.388048	0.049614	0.406016	0.003361	0.001765	0.153117	0.039005	0.051389	0.127699	0.188976	0.322196	0.631953	
L	1.326156	1.674793	0.708149	2.351051	4.133577	0.720135	3.025935	0.158755	1.338148	1.444380	1.326205	6.875799	2.098157	
M	0.907240	0.537670	0.259148	0.675329	0.063219	0.271154	0.871322	0.039005	0.739656	0.576568	0.338612	0.980549	0.871333	
N	0.787550	0.328200	0.049614	0.555634	0.033290	0.151426	0.392519	0.039005	0.201012	0.247397	0.368539	0.411971	0.991023	
P	0.937163	1.136156	15.405458	1.064336	2.218114	14.159635	1.050873	0.039005	0.021465	0.127699	0.488247	0.471821	0.721720	
Q	0.787550	0.388048	0.079547	0.555634	0.003361	0.211290	0.661845	0.098880	0.440409	0.367096	0.278758	0.471821	0.781565	
R	1.176543	1.345626	0.618349	1.333648	0.093148	0.271154	0.392519	18.720037	0.230937	0.157624	0.248831	0.471821	0.751643	
S	1.774995	2.063809	0.229214	1.662808	0.153006	1.139184	1.200499	0.098880	3.492721	1.653852	9.226952	1.249875	1.200481	
T	0.817472	0.567594	0.169348	1.393496	1.050879	0.480679	1.200499	0.068942	1.637395	0.516718	0.398466	0.531672	0.871333	
V	1.445846	1.944112	0.947617	2.829829	7.754998	0.151426	5.330173	0.158755	1.697244	1.623927	1.146643	1.369575	1.798932	
W	1.086775	0.328200	0.169348	0.465863	0.123077	0.151426	0.242893	0.098880	2.834380	1.115210	1.056861	0.501747	0.991023	
Y	1.206466	0.747140	0.139414	0.465863	0.153006	0.271154	0.242893	0.068942	1.278299	1.204983	1.176570	1.130174	0.991023	
