#Q7Z6J0
A	1.231861	1.977275	0.423447	2.692518	1.180806	0.734003	1.889523	0.135112	1.716571	1.107421	0.693435	0.646284	0.842807	
C	0.445892	0.090846	0.030342	0.020121	0.001638	0.000218	0.003054	0.004068	0.013568	0.033213	0.090786	0.200864	0.554620	
D	0.655484	0.143247	0.082756	0.832320	0.080249	0.078838	0.396068	0.135112	0.616169	4.225243	0.431414	0.593882	0.790409	
E	0.681682	0.195648	0.056549	1.146720	0.054045	0.078838	1.417905	0.030277	0.380369	1.055020	0.405211	0.515278	0.842807	
F	0.865075	1.060261	0.213791	0.465521	0.342286	0.262284	0.631877	0.056486	1.244970	1.369423	0.772041	1.117905	1.000000	
G	1.677243	1.898674	0.213791	0.517920	0.368490	0.445730	0.867685	0.318573	1.690371	0.976420	0.876850	0.777290	1.235790	
H	0.576887	0.090846	0.056549	0.203521	0.080249	0.105044	0.212661	0.187530	0.537569	0.609617	0.143190	0.331870	0.659415	
I	0.707881	0.693455	0.266205	0.753720	1.573862	0.026425	1.627513	0.030277	0.825770	0.688218	0.641031	1.510923	1.078597	
K	0.629285	0.379051	0.082756	0.255921	0.027841	0.078838	0.134058	0.161321	0.013568	0.033213	0.169392	0.253266	0.685614	
L	1.231861	4.047106	0.554481	2.718718	4.430069	0.707796	2.125331	0.344782	1.821371	1.500424	1.348488	7.406189	2.047953	
M	0.681682	0.693455	0.135170	0.884720	0.211267	0.209871	0.946288	0.213738	0.799570	0.662018	0.667233	0.803491	1.104795	
N	0.629285	0.274249	0.135170	0.282121	0.027841	0.209871	0.212661	0.108903	0.432769	0.216614	0.300403	0.489077	0.711813	
P	0.786478	0.745856	15.387630	1.172920	2.674419	14.859364	1.103494	0.292364	0.118368	0.321415	0.274201	0.384272	0.973801	
Q	0.734080	0.195648	0.082756	0.648920	0.001638	0.078838	0.474671	0.056486	0.249369	0.531017	0.247999	0.358071	0.947602	
R	1.467652	1.584269	0.344826	1.068120	0.158860	0.314697	0.291264	17.223200	0.275569	0.269015	0.719637	0.253266	0.685614	
S	1.205662	1.112662	0.292412	1.644519	0.132656	0.734003	0.815283	0.213738	2.240572	2.155428	8.920907	0.960698	1.288187	
T	1.127065	0.588654	0.161377	1.015720	0.473305	0.393317	1.182097	0.187530	1.271170	0.504816	0.483818	0.567680	0.816608	
V	1.415254	2.370281	0.711723	2.718718	7.757944	0.183664	5.426652	0.082695	2.109572	1.500424	1.322286	1.275112	1.681170	
W	2.148825	0.798257	0.397240	0.413121	0.237471	0.262284	0.134058	0.213738	2.319172	0.924019	0.614829	0.672485	1.104795	
Y	1.100866	1.060261	0.371033	0.544120	0.185064	0.236077	0.107857	0.004068	1.323571	1.317022	0.876850	0.882095	0.947602	
