#Q7Z6J0
A	1.010690	0.806081	3.221308	0.926327	3.261195	0.566846	1.357389	3.851472	1.131278	0.910626	2.053729	0.845193	0.561752	1.024118	
C	0.891064	0.537517	0.181656	0.012822	0.001658	0.002128	0.001606	0.001823	0.007254	0.009745	0.015885	0.056380	0.110900	0.464633	
D	1.115937	0.537517	0.294154	0.125371	0.456834	0.002128	0.226873	0.902928	0.120002	0.009792	0.353539	0.731561	0.561392	1.027291	
E	0.891071	0.650537	0.408066	0.237671	0.339823	0.002128	0.001606	0.215523	0.119847	0.461380	0.579607	1.179758	0.335692	0.689806	
F	0.902330	0.658056	0.406772	0.575568	0.676875	0.003040	0.226873	0.226862	0.461860	0.461568	1.828033	1.068102	1.798557	1.501658	
G	1.228860	1.755825	2.208356	1.250859	0.566324	0.114702	0.339569	0.227535	0.123236	0.347368	0.376004	2.330391	0.773141	1.138845	
H	0.892024	0.539514	0.629513	0.125202	0.227099	0.002128	0.001646	0.115932	0.120783	0.346838	0.241002	0.281370	0.337407	0.576651	
I	1.077595	0.650198	0.406415	0.462386	0.563189	5.287544	0.226869	0.679329	1.151218	0.347501	2.041282	1.255684	0.767124	1.255535	
K	1.003667	0.987596	0.513445	0.441739	0.227254	0.114702	0.001690	0.339388	0.232312	0.009745	0.128579	0.168876	0.223410	0.577240	
L	1.011050	2.113380	0.958379	1.137876	1.060017	1.931769	0.451584	0.412535	4.193356	0.714408	2.270591	2.267708	3.935244	3.398594	
M	1.006066	0.650202	0.969214	0.463018	0.565145	0.454507	0.001606	0.571903	0.231604	0.577226	1.026168	1.086664	0.898565	0.577129	
N	0.891183	0.761748	0.406932	0.125370	0.336150	0.227277	0.001606	0.114541	0.119792	0.347389	0.332715	0.056444	0.223527	0.577193	
P	1.154321	1.227283	1.238338	9.111305	7.317761	0.565060	15.276438	3.457056	0.232342	5.197642	0.128134	0.168923	0.672889	0.464792	
Q	0.891215	0.762433	0.211534	0.463016	0.001686	0.114702	0.001694	0.789723	0.344885	0.122285	0.576791	0.734635	0.224030	0.688056	
R	1.009448	1.398371	2.544054	2.113845	0.677132	2.816469	0.589388	1.466007	6.422259	6.146815	0.353170	0.956361	0.339853	0.577274	
S	0.892106	1.326813	1.076933	0.575542	0.339946	0.002156	0.271492	1.467465	0.908265	1.023764	2.375032	1.857059	0.659452	1.126863	
T	1.116330	0.537642	1.044047	0.125627	0.452018	0.214935	0.566715	2.030669	0.620888	0.459932	0.031541	0.619680	0.447861	0.689857	
V	1.004044	1.892331	2.014504	1.138080	2.478011	7.235414	0.226873	2.891622	2.655893	0.685829	2.343967	2.308837	3.400274	1.814233	
W	0.894791	1.330277	0.748466	0.125371	0.337652	0.002576	0.001607	0.001968	0.119822	1.022612	1.365611	0.957081	2.382395	0.803501	
Y	1.116207	0.876681	0.517911	0.463005	0.114230	0.339788	0.226873	0.235717	0.683105	0.797532	1.578620	1.069295	1.346533	1.026731	
