#Q7Z6J0
A	1.062247	0.678364	0.761349	4.365415	0.209294	1.249089	0.625974	3.533221	0.000785	0.208879	2.712455	0.012536	0.356683	0.948128	
C	0.647266	0.470857	0.138781	0.002840	0.001213	0.003645	0.002598	0.003323	0.000785	0.000689	0.014041	0.012536	0.356683	0.533152	
D	0.647266	0.470857	0.553826	0.002840	0.209294	1.456663	0.002598	1.041528	0.208955	0.000689	0.636752	0.012536	0.356683	0.533152	
E	0.647266	0.885871	0.553826	0.210582	0.001213	0.418793	0.002598	0.833887	0.000785	0.208879	1.051893	0.220423	0.771726	0.533152	
F	0.647266	0.470857	0.968872	0.626065	0.001213	0.626367	0.210390	0.418605	0.000785	0.000689	2.504884	2.299295	0.979248	0.948128	
G	1.269738	2.130914	1.591440	6.027348	0.209294	1.664237	1.872727	2.079734	0.000785	0.000689	1.467033	0.012536	1.394291	1.155616	
H	0.647266	1.300885	1.176394	0.002840	0.001213	0.833941	0.833766	0.003323	0.000785	0.000689	0.014041	0.428310	0.564204	1.155616	
I	1.062247	0.470857	0.138781	0.418323	0.209294	0.626367	0.002598	0.003323	0.208955	0.000689	0.636752	1.259859	0.771726	1.570592	
K	0.647266	0.470857	0.346303	0.002840	0.209294	0.003645	2.288311	0.210964	0.000785	0.000689	0.844322	0.012536	0.356683	1.155616	
L	1.477228	1.300885	1.176394	0.418323	0.001213	1.249089	0.210390	0.626246	18.319728	0.000689	1.467033	11.862109	2.016857	1.778080	
M	0.647266	0.678364	0.761349	0.833807	0.001213	0.833941	0.210390	0.833887	0.000785	0.000689	0.014041	0.220423	0.979248	0.948128	
N	0.647266	0.678364	0.553826	0.210582	0.001213	1.456663	0.210390	0.003323	0.000785	0.000689	0.636752	0.220423	0.771726	0.740640	
P	1.062247	1.300885	1.176394	1.457032	16.855737	0.003645	0.210390	3.533221	0.417125	18.529579	0.014041	0.220423	0.979248	0.533152	
Q	0.647266	0.678364	1.176394	0.002840	0.001213	0.211219	0.210390	0.210964	0.000785	0.000689	1.259463	0.220423	0.356683	0.740640	
R	1.684719	2.338421	3.044099	0.210582	0.417375	0.418793	9.976615	1.041528	0.208955	0.000689	0.429182	0.012536	1.394291	1.778080	
S	1.477228	1.508392	0.968872	1.872515	0.209294	2.909681	1.457142	3.740862	0.208955	0.208879	1.467033	0.012536	0.771726	0.948128	
T	0.647266	0.678364	1.798963	0.002840	0.209294	2.286959	0.210390	0.418605	0.000785	0.625258	0.636752	0.012536	1.186770	0.948128	
V	1.062247	1.300885	1.383917	3.118965	0.625455	2.702107	0.002598	0.833887	0.208955	0.208879	2.712455	2.299295	3.054466	1.363104	
W	1.477228	1.508392	1.176394	0.002840	0.625455	0.833941	0.418182	0.418605	0.000785	0.000689	0.844322	0.220423	0.771726	0.740640	
Y	1.892209	0.678364	0.553826	0.210582	0.001213	0.211219	1.041558	0.210964	0.208955	0.000689	0.636752	0.428310	1.809335	0.948128	
