#Q7Z6J0
A	0.907261	0.002892	5.058541	0.300922	0.003559	0.003279	2.083157	2.383764	0.300883	2.678653	0.003358	1.790472	
C	0.016711	0.002892	0.004305	0.002598	0.003559	0.003279	0.002962	0.004165	0.002961	0.003201	0.003358	0.002962	
D	0.016712	0.003039	5.063076	0.002598	0.003561	0.300346	0.003028	8.327659	0.003271	0.003228	0.003367	1.193557	
E	0.016720	0.002892	1.194343	0.002598	0.003559	0.003279	0.300989	1.788621	0.002961	0.003201	0.003366	0.300110	
F	0.016719	0.002893	0.297952	0.296547	4.465295	0.299022	0.598114	0.004165	11.611543	0.300920	0.599646	0.893909	
G	17.002256	5.361734	2.376675	0.595788	0.003559	0.597821	11.912411	0.896949	0.002961	11.612837	0.598666	1.194599	
H	0.016711	0.002892	0.301834	0.002598	0.003560	0.003279	0.002966	0.301026	0.002961	0.003215	0.003358	0.002962	
I	0.016715	0.002892	0.596584	0.002598	1.190423	0.003279	0.895089	0.299045	0.002991	0.003202	10.416817	0.297325	
K	0.016711	0.002892	0.301829	0.002613	0.003559	0.003279	0.002962	0.301728	0.002961	0.003202	0.003358	0.002962	
L	0.016899	0.893238	0.004309	2.981193	8.337328	4.463115	0.301108	0.297682	2.085748	0.599255	2.083678	1.485800	
M	0.016711	0.299679	0.004314	0.002598	0.297437	0.003279	0.002968	0.896853	0.300827	0.596944	1.790160	0.002966	
N	0.016711	0.002892	0.599355	0.002598	0.003559	0.003279	0.002962	0.300431	0.003024	0.003201	0.298302	0.002962	
P	0.315021	1.490384	1.193846	0.300629	2.680867	0.896893	0.002970	0.896991	0.301068	0.896758	0.003368	0.002971	
Q	0.016712	0.002892	0.004305	0.002598	0.003559	0.003279	0.002962	0.599292	0.002966	0.003201	0.003359	0.002962	
R	0.613330	10.723991	0.599368	0.598714	0.301229	1.789997	2.084666	0.004180	0.891478	0.600297	0.301163	0.002967	
S	0.016714	0.594727	0.302892	1.790786	0.598630	2.384468	0.002968	0.004174	2.683457	0.297169	0.299112	0.002965	
T	0.016711	0.002893	0.004305	0.002598	0.003562	0.003336	0.002962	0.004165	0.002978	0.003201	0.599042	0.300118	
V	0.315021	0.002892	2.083125	0.002600	1.488992	0.003283	1.787899	1.788087	1.789032	0.897025	2.979786	12.511481	
W	0.612941	0.598472	0.004342	13.104228	0.302728	9.228932	0.003814	0.004165	0.002966	1.488092	0.003362	0.002989	
Y	0.016712	0.002922	0.004699	0.002598	0.301476	0.003279	0.003041	0.896861	0.002961	0.003201	0.003374	0.002962	
