#Q96HL8
A	0.628208	2.232129	1.343745	1.394368	3.259699	0.884043	0.966952	0.770593	1.826704	0.904072	2.119176	0.654176	0.965754	1.099194	
C	0.378954	0.222725	0.060268	0.006891	0.004611	0.004106	0.007624	0.026549	0.074017	0.147794	0.248975	0.420159	0.616666	0.778494	
D	0.454709	0.365473	0.118541	0.076077	0.666099	0.006790	0.284350	0.626669	0.554964	0.420078	0.749580	0.919893	0.835287	0.789094	
E	0.380756	0.434168	0.134103	0.006902	0.965979	0.073210	0.007624	0.692362	0.897912	1.206865	1.080860	1.066670	0.832641	0.998992	
F	0.444680	0.294993	0.345487	0.006903	0.271823	0.611645	0.076783	0.939330	0.902558	1.038366	1.167802	1.417667	0.880019	1.155018	
G	0.920966	0.934102	0.640921	0.326554	0.402896	0.349723	0.215162	1.370539	1.405371	0.901362	1.273278	1.279839	1.029117	0.930029	
H	0.516883	0.335007	0.132171	0.132807	0.163695	0.004108	0.142174	0.696459	0.515972	0.368738	0.551083	0.567707	1.109759	0.852663	
I	0.449642	0.233743	0.496890	0.006916	0.217871	3.362112	0.076814	1.175459	0.760121	1.226775	0.935139	0.979528	1.279460	1.094526	
K	0.586690	0.736819	0.571281	0.240836	0.202132	0.093920	0.048759	0.120631	0.472510	0.475091	0.324266	0.686904	0.803821	0.779400	
L	1.705000	1.434890	5.041828	0.518484	1.583972	3.262387	1.063906	2.650007	2.258616	2.608310	2.288030	2.150496	1.749892	1.120636	
M	0.451873	0.759567	1.036058	0.117265	0.708541	0.755340	0.051641	1.242989	0.684544	0.861256	0.786322	0.993566	0.806976	0.934213	
N	0.653899	0.302095	0.193155	0.006893	0.283217	0.004106	0.007734	0.917050	0.416722	0.763202	0.598626	0.639216	0.972205	0.937293	
P	0.580122	5.096218	0.548219	12.840540	5.349013	1.653826	13.717038	1.314621	0.861255	0.901800	0.779408	0.905450	1.045824	0.926914	
Q	0.449853	0.461091	0.190929	0.278134	0.695723	0.322095	0.007662	0.143008	0.517296	0.512205	0.564163	0.768138	0.693235	0.891320	
R	7.881136	1.607899	0.680859	1.236012	0.343775	2.419225	1.119342	0.658854	1.774716	1.647553	0.622316	1.324839	0.629636	0.779977	
S	0.778635	2.016965	0.286117	0.976842	1.171469	0.424044	0.783220	1.787320	1.111364	1.623146	1.052608	0.985920	0.986863	1.202887	
T	0.513085	0.763838	0.393365	0.351092	0.659863	0.206601	0.303611	0.822185	0.831236	0.624274	0.993154	0.940262	0.747464	1.063982	
V	0.765559	0.822224	6.396399	0.583103	1.863217	4.647545	0.768489	2.878205	2.204635	2.406588	2.084374	1.789762	1.983278	1.658539	
W	0.860477	0.507568	0.622570	0.284571	0.558953	0.557355	0.284380	0.401548	1.234955	0.690066	0.849703	0.724158	0.922427	0.985747	
Y	0.598874	0.438485	0.767092	0.608812	0.627452	0.357820	0.066735	0.765621	0.694534	0.672458	0.931137	0.785650	1.109677	1.021082	
