#Q96HL8
A	1.186798	1.262173	2.332083	0.180532	2.499153	0.045497	0.112772	1.826044	0.007454	2.096191	1.592242	1.347244	1.129563	0.954831	
C	0.725503	0.444059	0.097107	0.001039	0.000728	0.000371	0.000312	0.001550	0.003414	0.012397	0.042390	0.109510	0.274187	0.555754	
D	0.824120	0.704084	0.172491	0.001039	0.654490	0.012532	0.000315	0.828235	0.003688	0.384819	0.524548	0.715756	0.794031	0.914435	
E	0.843152	0.759930	0.152494	0.025842	1.656907	0.006577	0.000312	0.791340	0.003937	0.401071	0.724262	0.665389	0.806670	0.932814	
F	0.825019	0.859217	0.809413	0.032043	0.193791	0.218749	0.000315	0.657581	0.003520	0.552595	1.113304	0.968744	1.205458	0.974627	
G	1.768203	2.035822	2.283481	0.059203	1.000522	0.000388	0.000315	0.563106	0.107254	1.308956	1.885122	1.260131	1.390505	1.081612	
H	0.787543	0.601406	0.208473	0.033161	0.178684	0.012773	0.037863	0.270113	0.075399	0.432827	0.405936	0.511718	0.657806	0.741319	
I	0.843176	0.684893	0.541613	0.453713	0.645074	0.431022	0.000312	0.617804	0.003892	0.975943	1.072163	1.032839	1.144833	1.147467	
K	0.787485	0.676987	0.553546	0.073086	0.584479	0.215559	0.009028	0.061321	0.042089	0.150462	0.147249	0.302609	0.449621	0.661082	
L	1.282471	1.519676	2.273369	1.920915	2.103747	17.654371	0.085478	1.533494	0.229169	2.321598	2.953635	2.967822	2.528777	2.019403	
M	0.898781	0.817560	0.505677	0.332204	0.731293	0.168658	0.008770	0.568343	0.153299	0.636685	0.973898	0.988176	0.864776	1.019231	
N	0.824863	0.684964	0.277414	0.013441	0.285779	0.000371	0.012705	0.188325	0.003684	0.639277	0.463678	0.561110	0.670142	0.808136	
P	0.918285	0.906152	1.070266	14.954869	1.828171	0.212121	19.372165	7.233883	0.112645	2.555241	0.391661	0.363617	0.564330	0.672655	
Q	0.855558	0.658307	0.234209	0.069743	0.751044	0.009066	0.018913	0.363149	0.044274	0.444764	0.503973	0.741767	0.645556	0.868064	
R	1.268173	1.435956	3.303006	0.510978	1.718896	0.007068	0.111516	0.143271	19.012683	0.274743	0.318940	0.481021	0.527248	0.673431	
S	1.247717	1.461282	1.267382	0.056727	1.570275	0.061937	0.129239	1.139601	0.071610	1.783682	1.582480	1.484909	1.394295	1.249359	
T	0.967700	0.947389	0.526092	0.069405	1.008485	0.062830	0.091608	0.637082	0.071929	1.309001	0.800334	0.769735	0.839111	0.864980	
V	1.360500	1.444399	1.996913	1.133792	2.444547	0.818062	0.000333	1.785861	0.010767	2.457500	2.444847	2.708745	2.290826	1.964962	
W	0.924152	1.143983	0.610954	0.019558	0.081238	0.012777	0.000313	0.432975	0.035721	0.540425	0.912408	0.913127	0.823420	0.896799	
Y	0.860799	0.951760	0.784016	0.058708	0.062695	0.049271	0.007417	0.356922	0.003573	0.721822	1.146929	1.106031	0.998845	0.999039	
