#Q96RF0
A	1.072143	0.481462	1.202647	0.350907	0.581171	1.159030	3.745509	0.581439	5.775346	2.328204	0.880350	1.533885	0.797782	1.373743	0.955503	
C	0.783835	0.481462	0.337660	0.062523	0.002699	0.004312	0.003944	0.003022	0.004257	0.018666	0.017357	0.091484	0.221399	0.523864	0.667715	
D	0.783835	0.770407	0.337660	0.349561	0.002699	0.004465	0.003944	0.291758	1.159001	0.307370	0.017363	0.668252	0.510813	0.811541	0.956777	
E	0.783835	0.769840	0.337660	0.062523	0.002699	0.581714	0.003944	0.003022	0.870331	0.307372	0.306604	0.380120	0.798223	0.527819	0.956054	
F	3.378189	0.769840	0.337846	0.640029	0.002699	0.004342	0.581924	0.292025	0.292760	0.024983	0.306923	0.954870	2.242607	0.524467	0.956377	
G	0.783882	1.056218	1.776918	0.632565	0.857637	0.293656	1.445646	0.003023	0.288518	0.018677	0.019983	1.823853	1.086823	1.683573	0.667718	
H	0.783835	0.481462	0.626102	0.062523	0.292005	0.293059	0.003944	0.003022	1.158964	0.018668	0.023718	0.365037	0.509841	0.523864	0.692232	
I	0.784398	0.481462	0.914427	0.639274	0.003010	0.004312	0.292624	0.003022	0.004280	6.078850	0.017357	1.242533	1.375051	0.812943	0.667736	
K	0.783835	0.481462	0.912293	0.351135	0.870259	0.581606	0.003944	0.003022	0.004262	0.019753	0.017357	0.091738	0.221399	0.523864	0.667729	
L	1.070579	0.769854	0.628841	4.968860	1.159284	1.733716	6.072800	0.876385	1.177716	2.322163	0.303802	2.127912	3.391990	2.828862	3.554458	
M	0.783835	0.769808	0.626090	0.351020	0.002699	0.293349	0.003947	1.157134	0.004271	0.018687	0.306455	0.091491	1.374132	0.548384	0.668408	
N	0.783835	0.481462	0.626049	0.062523	0.002699	0.293044	0.003944	0.003022	0.292924	0.018708	0.306391	0.668138	0.221766	0.523864	0.667715	
P	1.072139	1.058250	0.912963	0.062727	1.179631	7.775980	1.739173	11.568564	3.166862	1.461822	13.024649	0.380033	0.509841	0.812285	0.667715	
Q	1.072106	0.481462	0.909994	0.637241	0.002699	2.600182	0.292722	0.003022	0.004287	0.018666	0.017406	0.091670	0.221399	0.523864	0.956036	
R	0.783895	1.923119	1.491677	1.226289	14.447467	0.577146	0.292565	2.879964	0.867881	0.618921	1.752124	0.097670	0.221807	0.523864	0.667929	
S	0.783847	0.769856	1.206784	0.351172	0.002761	0.315540	0.581530	1.160001	3.762638	1.745716	1.750942	1.533406	1.076356	0.812332	1.244330	
T	1.072147	3.076511	0.625917	0.928253	0.002746	1.734823	0.292736	0.003028	0.292593	0.884665	0.017357	0.956590	0.494738	1.388808	0.667715	
V	0.783835	0.481462	4.071540	1.794048	0.291823	1.740414	4.043636	1.159227	0.577971	2.888948	0.303240	4.412671	3.096645	3.394108	2.109193	
W	1.072156	3.356326	0.625838	4.384829	0.002739	0.004998	0.004000	0.003279	0.290823	0.307371	0.304362	1.243252	0.540669	0.525069	0.940925	
Y	0.783835	1.058273	1.491096	2.081999	0.290578	0.004312	0.587523	0.003022	0.004315	0.591790	0.306259	1.245393	1.086719	0.812883	0.667733	
