#Q8WV41
A	0.983922	0.670370	1.611028	1.779984	0.670226	0.161983	3.058787	14.015407	0.161725	1.611269	0.654075	0.935665	1.948682	0.975881	1.000000	
C	0.662365	0.509576	0.324653	0.171769	0.026763	0.000826	0.002775	0.001293	0.000518	0.002667	0.010492	0.131479	0.340746	0.493496	0.678416	
D	0.662365	0.509576	0.485450	0.171769	0.026763	0.000826	0.324461	0.001293	0.000518	0.002667	0.010492	0.453154	0.983921	0.815086	0.678416	
E	0.823144	0.509576	0.324653	0.171769	0.026763	0.161983	0.646146	0.001293	0.000518	1.450409	0.010492	0.453154	0.823127	0.654291	0.678416	
F	1.144701	1.474345	1.289434	0.815055	0.026763	0.000826	0.485303	0.162375	0.000518	0.163527	1.136761	1.257339	1.144714	1.136676	1.160792	
G	1.627037	1.313550	1.771825	1.297520	1.474553	0.484297	0.163618	0.162375	0.484138	1.128688	0.010492	0.613991	0.983921	1.136676	0.839208	
H	0.823144	0.509576	0.807044	1.136698	1.957150	0.323140	0.324461	0.001293	0.000518	0.163527	0.010492	0.613991	0.983921	0.493496	0.678416	
I	0.662365	1.152755	0.967841	0.815055	0.348494	0.645454	1.611202	0.323457	0.000518	1.932989	2.263030	1.096502	0.501540	0.493496	0.839208	
K	0.823144	0.509576	0.485450	0.332591	0.509360	0.000826	0.002775	0.001293	0.161725	0.163527	0.171388	0.292316	0.501540	0.493496	0.678416	
L	1.466258	1.474345	1.289434	1.136698	1.152822	0.000826	2.415416	0.162375	0.000518	1.772129	2.102134	1.579014	1.948682	3.227011	2.447129	
M	0.823144	0.509576	0.485450	0.171769	0.670226	0.000826	1.128674	0.162375	0.000518	0.806968	0.814970	1.257339	0.662333	0.975881	0.839208	
N	0.662365	0.991960	0.646247	0.332591	0.509360	0.161983	0.646146	0.001293	0.000518	0.324387	0.010492	0.131479	0.662333	0.815086	0.678416	
P	1.305479	0.670370	0.485450	3.388200	0.348494	0.000826	0.967831	1.451029	18.539298	0.485247	1.780343	4.795757	0.662333	0.815086	0.839208	
Q	0.823144	0.509576	0.324653	0.332591	0.187629	0.323140	0.163618	0.001293	0.161725	0.485247	0.332284	0.292316	0.340746	0.975881	0.839208	
R	1.305479	1.635140	1.932621	0.654234	5.496193	17.244636	0.646146	0.001293	0.000518	0.646108	0.332284	0.613991	0.983921	0.975881	0.839208	
S	1.144701	1.152755	1.771825	1.779984	1.957150	0.323140	2.897944	0.484538	0.322932	0.967828	0.171388	1.096502	2.431063	1.136676	1.321584	
T	0.823144	0.509576	1.611028	1.136698	0.831091	0.000826	1.772045	0.162375	0.000518	1.128688	0.010492	0.131479	0.983921	0.654291	0.839208	
V	0.983922	1.313550	1.289434	1.940806	2.118016	0.000826	1.932888	2.578601	0.000518	5.632773	3.711090	2.383200	1.305508	1.940651	2.768713	
W	1.466258	2.599909	1.289434	0.815055	0.991957	0.000826	0.485303	0.162375	0.161725	0.324387	3.550194	0.774828	0.823127	0.975881	0.678416	
Y	0.983922	1.474345	0.807044	1.619163	0.670226	0.161983	0.324461	0.162375	0.000518	0.806968	2.906612	1.096502	0.983921	0.815086	0.678416	
