#Q9Y5X1
A	1.352795	1.360146	1.473551	0.340512	1.321305	0.191259	2.067897	12.752321	0.149185	2.248487	1.030453	0.838295	1.117599	1.089249	
C	0.659805	0.478155	0.276549	0.067476	0.040284	0.023209	0.009806	0.002260	0.002131	0.001420	0.022365	0.166275	0.340603	0.522255	
D	0.848802	0.541154	0.402549	0.130484	0.691295	0.044216	0.408824	0.044271	0.002131	0.400432	0.064368	0.649290	0.991600	0.879251	
E	0.743804	0.625154	0.381549	0.088479	0.145286	0.023209	0.828842	0.044271	0.023138	0.547436	0.148376	0.628289	0.739601	0.858252	
F	0.827802	0.814152	1.011550	3.028870	1.279305	0.065222	0.618833	0.044271	0.002131	0.463434	0.757429	0.796294	0.970600	1.068249	
G	1.835788	1.255148	1.767551	0.529537	0.901298	0.380316	0.198814	0.191306	0.023138	1.408462	0.421400	1.321309	1.453598	1.173248	
H	0.827802	0.688153	0.360549	0.130484	0.397290	0.086228	0.156813	0.023266	0.002131	0.190426	0.232383	0.334280	0.697601	0.669254	
I	1.079799	0.814152	0.717549	0.403520	0.460291	0.044216	0.870844	0.044271	0.023138	0.778443	3.319652	0.859296	0.991600	1.026250	
K	0.764803	0.856151	0.612549	0.067476	0.334289	0.422328	0.219815	0.002260	0.002131	0.484435	0.043367	0.355281	0.508602	0.606254	
L	1.205797	1.948141	2.376553	0.571543	1.972316	0.254278	4.966026	4.749400	0.044146	2.227487	3.823696	1.720321	2.104595	2.139237	
M	0.806803	0.919151	0.738550	0.130484	0.901298	0.065222	1.080854	0.107286	0.002131	0.904447	0.421400	0.670290	0.949600	1.068249	
N	0.743804	0.625154	0.528549	0.088479	2.140319	0.044216	0.240816	0.023266	0.002131	0.358431	0.043367	0.628289	0.655601	0.732253	
P	0.848802	1.024150	1.053550	0.508534	0.271288	0.464341	1.941892	1.010503	19.392309	0.778443	0.904442	5.290426	0.424602	0.690253	
Q	0.827802	0.667153	0.675549	0.130484	0.418290	0.023209	0.450826	0.002260	0.002131	0.589438	0.043367	0.712292	0.655601	0.795252	
R	1.268796	1.297147	1.830552	0.298506	0.586293	17.353367	0.513828	0.107286	0.002131	1.093453	0.610416	0.481285	0.592602	0.732253	
S	1.289796	1.297147	1.557551	0.319509	2.392323	0.044216	1.059853	0.128291	0.107169	2.773503	0.379396	1.027301	1.390598	1.131249	
T	0.974800	0.877151	0.969550	0.256501	1.594310	0.107234	1.101855	0.149296	0.128177	1.639469	0.337392	0.649290	1.096600	1.026250	
V	1.394794	1.885141	1.641551	0.718562	2.245321	0.065222	2.277907	0.527387	0.086162	2.773503	5.629854	1.825324	2.314594	1.845241	
W	0.743804	0.982150	0.885550	9.014668	0.817297	0.254278	0.576831	0.044271	0.002131	0.169425	0.652420	0.460284	0.886600	0.984250	
Y	0.953801	1.045150	0.738550	3.175890	1.090302	0.044216	0.408824	0.002260	0.002131	0.169425	1.114460	0.586288	1.117599	0.963250	
