#Q9BX66
A	1.482377	0.967864	0.764784	3.161177	0.556922	0.000803	3.730407	0.425749	0.349542	1.239164	0.386186	1.343050	1.052074	
C	0.502365	0.303346	0.016231	0.010774	0.000892	0.000560	0.001831	0.001277	0.000991	0.076071	0.160651	0.302372	0.505239	
D	0.502365	0.303551	0.234169	0.635029	0.000910	0.102926	1.151949	0.110662	0.445382	0.846072	0.710896	0.630254	0.931817	
E	0.719590	0.523690	0.232085	1.009435	0.218364	0.110071	1.536894	0.652904	0.110478	0.996216	0.807285	0.934363	0.697693	
F	1.149317	1.068053	0.230696	0.012349	0.231007	0.000570	0.001965	0.597825	0.140424	1.061106	1.659047	1.327490	1.271517	
G	1.436895	2.052258	0.543884	0.893964	1.059382	0.107916	0.652700	0.002107	0.431632	1.710515	0.741875	0.953943	1.167000	
H	0.611753	0.514554	0.121930	0.010777	0.000896	0.000560	0.001841	0.001277	0.000991	0.188971	0.270116	0.521913	0.614842	
I	1.163514	0.848613	0.251579	0.439225	0.618397	0.000560	0.329278	6.211716	0.334772	0.627493	1.150665	0.974002	0.780811	
K	0.934861	0.793836	0.232070	0.786063	0.237549	0.000560	0.373473	0.001404	0.214159	0.076107	0.377855	0.519222	0.614612	
L	0.892482	0.841915	0.652205	1.108525	14.472608	0.531344	2.281819	6.597123	0.540822	2.239546	2.739019	1.818394	2.231009	
M	1.048795	0.715233	0.298010	0.794244	0.110371	0.000560	1.067121	0.866634	0.000991	1.033127	1.099655	0.638970	0.966067	
N	0.611924	0.634774	0.024868	0.011476	0.000892	0.110045	0.772539	0.001277	0.001008	0.513998	0.563664	0.411723	0.615193	
P	0.941673	0.731777	0.940985	5.078614	0.326285	16.886919	0.966466	0.503796	14.145967	1.242052	0.596289	1.803459	0.833200	
Q	0.553760	0.850088	0.016231	0.663423	0.110372	0.000560	0.433352	0.001278	0.000992	0.297317	0.386653	0.519668	0.838071	
R	1.153967	1.650905	13.444539	1.247074	0.000984	1.192393	0.421204	0.121262	1.201773	0.761882	1.451472	0.633975	0.930717	
S	1.046957	1.446643	0.343506	2.011212	0.110311	0.000565	2.532797	0.451035	0.452317	2.789212	1.407489	0.971165	1.433404	
T	0.721925	1.068405	0.436758	0.566455	0.000902	0.110094	1.377713	0.001523	0.328608	0.699638	0.819438	0.412571	0.949820	
V	1.913550	2.830406	0.849356	1.100234	1.612865	0.000576	2.257197	3.448477	0.218937	2.635228	2.420490	2.693676	1.697923	
W	1.027570	0.854519	0.023554	0.119132	0.329179	0.219304	0.001833	0.001285	0.219081	0.454469	0.684056	1.062153	0.935183	
Y	1.584360	0.999570	0.342560	0.340819	0.000912	0.623115	0.107622	0.001391	0.861133	0.511818	1.567199	1.527637	0.933807	
