#Q9BX66
A	0.471442	3.128777	1.689746	0.245204	4.571465	0.001515	0.669074	1.821205	0.452153	1.322438	0.801021	0.845511	0.682274	0.937082	
C	0.332684	0.206936	0.034236	0.018770	0.002310	0.001511	0.000911	0.002452	0.036344	0.105582	0.241293	0.428233	0.676537	0.795592	
D	0.471742	0.472539	0.034236	0.157734	1.389794	0.001511	0.139819	0.949975	0.564808	0.409649	0.519055	0.845025	0.679612	1.073029	
E	0.332715	0.484742	0.311622	0.018770	1.397795	0.001511	0.000911	0.885844	1.557804	0.521777	0.795166	1.394158	0.681385	1.074264	
F	0.471480	0.483988	0.173064	0.297078	0.154096	0.140357	0.000911	0.416022	1.279788	1.491902	1.634638	1.252962	1.255637	1.060795	
G	0.890124	1.413409	1.111865	0.018786	0.693273	0.001511	0.404089	2.088991	0.727346	0.324672	0.819069	0.846742	0.820182	0.935267	
H	0.332684	0.207029	0.450103	0.018770	0.418232	0.140364	0.274804	0.002458	0.036654	0.514865	0.243954	0.571097	0.954613	0.934949	
I	0.333413	0.207373	1.141509	0.018860	0.002316	5.287253	0.000913	0.564083	0.868409	1.217012	0.935450	1.494859	1.061254	1.028287	
K	0.332704	1.298983	0.585680	0.018770	0.284401	0.001511	0.139832	0.141174	0.452248	0.105582	0.379582	0.570450	0.956206	0.934357	
L	1.100831	2.046152	8.529379	0.157734	0.692446	6.731259	0.129725	2.313469	3.344664	2.514388	3.661924	1.703193	2.715569	1.779394	
M	0.471458	1.026740	0.038489	0.018879	0.980084	0.140312	0.219048	0.699668	0.998863	0.387123	1.352708	0.991001	1.095788	0.796595	
N	0.333884	0.345644	0.034266	0.018770	0.557974	0.140358	0.278760	0.420589	0.446907	0.248125	1.212480	1.117944	0.677502	0.796843	
P	2.489069	3.372744	0.593437	17.221378	2.576151	0.001862	16.335593	1.208663	0.650671	3.813657	0.657401	0.755872	0.804433	0.795629	
Q	0.332684	0.757847	0.311884	0.018770	0.554011	0.001511	0.417230	0.279246	0.259695	0.105628	0.661485	0.433015	0.815894	0.799059	
R	8.626866	1.206000	1.935983	0.996460	0.930568	2.436509	0.278157	0.279961	0.307465	0.810976	0.659361	0.431002	0.907918	0.795671	
S	0.628196	0.907967	0.439593	0.286072	1.975398	0.140387	0.291526	3.042103	2.627127	0.933535	0.961138	0.985617	0.816367	1.072732	
T	0.332721	0.345789	0.173157	0.018770	1.056468	0.131544	0.138659	1.254224	1.261193	0.244451	0.657507	0.707453	0.683002	0.885816	
V	0.595897	1.256651	2.342547	0.157538	1.758456	4.420295	0.278217	2.096225	0.868564	2.065519	2.098308	2.133208	1.123238	1.463398	
W	0.609490	0.484859	0.034375	0.019021	0.002310	0.001511	0.000911	0.557332	1.145915	0.814111	1.046214	1.125360	1.361453	1.079115	
Y	0.509915	0.345830	0.034830	0.273870	0.002454	0.277405	0.000911	0.976316	2.113382	2.049007	0.662247	1.367297	1.231139	0.962127	
