#O60504
A	0.933890	0.118842	0.082530	1.918969	0.004120	1.287371	3.237313	1.921335	1.288723	2.239492	0.990723	1.623280	1.031050	0.886299	
C	0.294172	0.118245	0.082514	0.004642	0.004112	0.004033	0.004047	0.004053	0.004467	0.004685	0.003633	0.019821	0.710560	0.886299	
D	0.615384	0.439247	0.402402	2.245932	0.323641	0.953454	0.319016	2.895292	0.004472	0.967996	1.931001	0.341261	1.031053	1.206013	
E	0.294172	0.118245	0.082514	0.004642	0.004415	0.967867	0.646494	0.004053	0.325270	7.057433	0.003633	0.982742	1.352092	0.886299	
F	0.294412	7.503928	0.398406	0.646686	0.956642	0.004041	0.004048	0.004053	0.004467	0.004686	0.003883	1.314980	1.051579	1.196511	
G	1.579038	0.119337	0.404057	7.056041	4.176313	0.325242	9.668315	0.639499	1.931033	2.251992	0.325451	1.947028	1.695415	0.886301	
H	0.294172	0.118246	0.404311	0.004652	0.004112	0.325270	0.004047	0.967045	0.325197	0.004690	1.932590	0.340920	0.710560	0.886299	
I	0.615374	1.392279	0.082718	0.326394	0.667741	0.004075	0.319511	0.004104	0.326293	0.004737	0.003641	1.629037	1.030510	0.886379	
K	0.294172	0.118245	0.082514	0.325908	0.004112	0.004033	0.325268	0.004053	0.004544	0.643997	0.003633	0.019821	0.710560	0.886299	
L	0.294172	5.568918	0.725597	0.316532	0.959481	2.302121	0.637348	0.004053	2.893701	1.623181	0.003733	1.625273	1.348799	1.236066	
M	0.294172	0.760809	0.083259	0.346809	0.004116	0.004061	0.004166	0.004053	1.628513	0.004762	0.631995	0.020094	1.349870	1.227870	
N	0.294172	0.118983	0.082564	0.004642	0.004112	0.004033	0.004047	0.967719	0.004468	0.966745	0.646364	0.020090	0.710626	1.204060	
P	0.294652	0.118416	1.390109	0.326076	0.646915	9.949368	0.634391	0.004063	0.004467	0.004685	0.003643	0.019821	0.710562	0.886369	
Q	0.294172	0.118245	0.403952	0.004643	0.004112	0.004033	0.325271	0.004053	0.004467	0.004685	1.289432	0.019846	0.710560	1.520927	
R	0.294277	0.436680	14.244200	1.610119	0.004146	0.951662	0.322593	0.967408	0.956734	1.624746	0.003778	0.019874	0.710863	0.886299	
S	0.615452	0.439390	0.395806	0.004683	7.727903	0.965686	0.004372	1.278606	0.004468	0.004694	0.024893	0.019829	1.031066	0.886328	
T	0.294172	0.118246	0.082712	1.606291	1.931317	0.967572	1.289637	0.325275	0.004472	0.325687	0.644567	0.341042	1.031086	0.886299	
V	11.521480	0.433640	0.404285	2.566645	0.316728	0.968011	1.598320	0.323365	7.053209	0.646722	0.003740	9.654971	1.652007	0.886477	
W	0.294172	1.080079	0.082633	0.324039	0.004112	0.004033	0.647745	0.356327	2.277038	0.968325	0.316404	0.020220	0.710608	0.886302	
Y	0.294326	0.759981	0.082916	0.355654	2.251849	0.004034	0.004051	9.321589	0.953995	0.646062	11.233261	0.020051	0.710572	0.886303	
