#O94875
A	1.121560	2.305158	0.163767	1.948451	0.164213	0.488337	3.083707	0.334747	0.179759	1.332380	0.870307	0.408102	0.691995	
C	0.635321	0.197449	0.001392	0.002910	0.001925	0.001039	0.002739	0.010233	0.017335	0.035288	0.059724	0.083774	0.367780	
D	0.797400	0.359581	0.001392	0.327167	0.001925	0.001039	0.489208	0.010233	0.017335	0.683834	1.356656	0.083774	0.367780	
E	1.283639	0.197449	0.001392	0.975681	0.001925	0.163472	0.489208	0.334747	0.017335	0.359561	0.870307	0.083774	0.854103	
F	1.283639	0.359581	0.488518	0.489295	0.326502	0.813202	0.164896	1.146031	0.179759	1.332380	0.870307	2.516232	0.367780	
G	1.607799	2.143027	1.300394	2.434837	0.326502	0.325904	0.813520	0.010233	0.179759	0.197425	2.653589	0.894594	1.340426	
H	0.959480	0.359581	0.326143	0.327167	0.164213	0.325904	0.002739	0.334747	0.179759	0.197425	0.221841	0.570266	0.529888	
I	0.797400	0.521712	0.326143	0.489295	2.598543	0.163472	0.489208	1.146031	0.017335	0.521698	0.546074	0.570266	1.340426	
K	0.959480	0.197449	0.001392	0.651424	0.651079	0.001039	0.327052	0.172490	0.179759	0.197425	0.221841	0.083774	0.367780	
L	0.959480	1.818764	0.813268	1.786323	1.300234	0.001039	1.786458	9.907902	0.504607	3.764426	2.005123	3.002723	3.123612	
M	0.635321	0.683844	0.488518	1.137809	0.001925	0.163472	0.327052	0.497004	0.017335	1.008107	0.708190	1.056757	1.340426	
N	0.635321	0.521712	0.001392	0.489295	0.164213	0.001039	0.651364	0.172490	0.017335	0.521698	1.194540	0.408102	0.691995	
P	1.121560	1.170238	14.452792	1.948451	0.488791	16.406737	3.408020	0.497004	15.934885	0.359561	0.870307	0.083774	0.367780	
Q	0.797400	0.359581	0.001392	0.489295	0.164213	0.001039	0.327052	0.334747	0.017335	1.008107	0.383957	0.570266	0.854103	
R	0.959480	2.629421	0.326143	1.299938	7.954069	0.163472	0.975677	2.606343	0.017335	0.845970	0.546074	0.245938	0.691995	
S	1.121560	2.143027	0.650893	0.975681	0.001925	0.325904	3.083707	0.983774	0.667031	1.332380	2.815705	1.543249	1.016211	
T	1.121560	0.683844	0.001392	0.651424	0.001925	0.325904	0.489208	0.497004	0.342183	1.170243	0.870307	0.408102	1.016211	
V	0.959480	2.305158	0.163767	3.083350	5.357450	0.163472	1.948614	0.172490	0.179759	3.278016	0.546074	1.218921	2.313073	
W	1.283639	0.683844	0.163767	0.327167	0.001925	0.163472	0.813520	0.172490	0.017335	0.683834	1.032423	1.867576	1.178319	
Y	0.959480	0.359581	0.326143	0.165039	0.326502	0.001039	0.327052	0.659261	1.316727	1.170243	1.356656	4.300034	1.178319	
