#O94875
A	0.725827	0.958042	1.866696	0.490854	2.183437	1.275314	0.001504	0.852203	0.024197	1.295611	0.873491	1.755878	0.282022	1.316461	
C	0.725827	0.535794	0.176111	0.066777	0.070631	0.005072	0.001504	0.006337	0.024197	0.028414	0.028204	0.070774	0.282022	0.472206	
D	0.725827	0.958043	0.176111	0.066777	0.915742	0.005072	0.001504	0.429294	0.443650	0.028414	0.873482	0.493035	0.703953	0.894456	
E	0.725827	0.535794	0.176111	0.066777	0.493195	0.005072	0.001504	0.429293	0.872725	0.450722	0.028204	0.915764	0.704365	0.472206	
F	0.725827	0.535794	0.176111	0.066777	0.070631	0.852064	0.001504	0.429280	0.024197	2.141179	2.986714	0.915771	1.126749	0.894456	
G	2.409641	2.647039	3.974988	0.491100	0.070631	0.005072	0.001504	0.429294	0.024197	2.141156	0.028204	1.338283	0.704386	0.472206	
H	0.725827	0.535794	0.176111	0.066777	0.070631	0.005072	0.001504	0.006337	0.448150	0.873520	0.873493	0.070774	0.704386	0.894446	
I	0.725827	0.535794	0.598758	0.066777	1.338321	3.392989	0.851087	3.389990	0.024199	1.296073	0.873472	2.182868	1.126749	0.472207	
K	0.725827	0.958043	0.598758	0.066777	0.070631	0.005072	0.001504	0.006337	0.448584	0.028414	0.028204	0.070774	0.282022	0.472206	
L	1.570190	1.380284	2.289344	0.066779	2.605360	1.275562	0.426518	2.121076	0.448582	0.868604	2.140951	2.605804	4.505641	3.005659	
M	1.148010	0.953130	0.176111	0.066777	0.915770	0.005072	0.001505	0.006337	0.024197	0.873519	1.291220	3.028312	1.126747	1.316706	
N	0.725827	0.958042	0.598760	0.491100	0.493201	0.005072	0.001504	0.006337	0.024197	0.028414	0.450848	0.493280	0.704359	0.472206	
P	0.725827	0.535794	1.444045	16.190490	1.760909	5.086499	18.696824	1.698167	0.024197	0.028414	0.028204	0.070775	0.282022	0.894456	
Q	0.725827	0.535794	0.176111	0.491100	0.493202	0.005072	0.001504	0.429294	0.024197	0.873520	0.450604	0.493280	0.704383	0.894456	
R	2.414561	2.646603	2.288865	0.066777	0.493201	0.005072	0.001504	0.429049	16.150773	0.450967	0.028204	0.070774	1.548868	0.894435	
S	1.148010	0.535796	1.021405	0.066777	0.493201	0.005072	0.001504	2.116205	0.024197	1.718626	2.141426	2.183300	1.126702	0.894453	
T	0.725827	1.802541	0.176111	0.066777	2.183483	0.852063	0.001504	1.275199	0.024197	1.718578	0.028204	0.493276	0.704383	0.472206	
V	0.725827	0.535794	3.134625	0.491096	3.873764	7.199564	0.001504	5.927300	0.024197	0.028414	2.986668	0.915738	1.549102	2.161206	
W	1.148009	0.958043	0.176111	0.486163	0.910856	0.005072	0.001504	0.006337	0.872971	3.408814	2.141426	0.493279	1.126752	1.738913	
Y	0.725827	0.958043	0.598758	0.066777	0.493202	0.005075	0.001507	0.006337	0.024197	1.718626	1.718777	1.338260	0.704386	0.894456	
