#Q9BX66
A	1.278454	3.031887	0.286227	2.860924	0.365187	0.210935	2.260607	0.112349	0.833582	1.558774	1.126967	0.982289	0.724873	
C	0.644663	0.192871	0.014295	0.007147	0.000621	0.000333	0.000886	0.000574	0.000480	0.012679	0.024642	0.061671	0.356353	
D	0.749947	0.245419	0.014790	0.391174	0.105941	0.056464	0.711007	0.000612	0.050071	0.747673	0.707446	0.325044	0.835402	
E	0.803320	0.350048	0.015793	0.632191	0.054026	0.053028	0.525752	0.161058	0.000485	0.675410	2.135165	0.336608	0.737518	
F	0.807052	0.245965	0.595840	0.427571	0.100611	0.948565	0.211424	0.924898	0.565472	1.433884	0.566968	2.306043	0.882469	
G	1.405631	3.036398	0.708524	1.424823	0.070876	0.159424	0.582716	0.158176	0.267373	0.752801	2.587822	0.906339	0.985422	
H	0.749939	0.354446	0.121458	0.375680	0.211277	0.053013	0.158833	0.000574	0.158496	0.484811	0.498424	0.535148	0.461530	
I	0.852861	0.614832	0.059085	0.432748	3.495500	0.105693	0.527761	0.383218	0.208623	1.063461	0.916954	0.791382	1.223955	
K	0.962917	0.535903	0.068471	0.371144	0.782105	0.000333	0.295889	0.263848	0.055954	0.381191	0.183333	0.062588	0.514285	
L	1.562385	1.828960	0.919767	1.426871	1.151156	0.166515	1.904728	10.257199	0.267520	3.551710	1.889804	3.175401	2.684341	
M	0.697508	0.521090	0.300102	1.156922	0.000634	0.053013	0.646529	0.163560	0.158497	0.973527	0.783565	0.900005	1.187428	
N	0.697214	0.243930	0.115482	0.533286	0.053285	0.000361	0.367091	0.000574	0.316504	0.486320	0.409782	0.061684	0.829873	
P	0.801711	1.671383	13.527177	1.359126	0.423441	16.059632	4.749070	0.180132	14.054287	0.188563	0.288785	0.181506	0.514359	
Q	0.830495	0.561474	0.014295	0.640750	0.000633	0.000333	0.319723	0.053241	0.053152	0.274725	0.547627	0.220325	0.669948	
R	1.278598	1.860740	0.295994	1.570792	7.162966	0.164693	1.957740	4.788217	0.212936	0.577604	0.456290	0.217952	0.730643	
S	1.435389	1.485228	0.278214	1.150440	0.053327	0.421769	1.520691	0.679521	0.836814	1.760398	2.425394	1.213953	1.278346	
T	0.960124	0.509036	0.180682	1.003297	0.263939	0.000337	0.760310	0.474459	0.264260	0.502268	0.655203	0.377179	0.721447	
V	1.492060	1.450935	0.561566	3.484120	5.492473	0.369084	1.969228	0.554028	0.159000	1.781862	1.990469	2.596117	2.625071	
W	1.234150	0.506693	1.432884	0.270891	0.000733	0.158537	0.264139	0.105904	0.369619	1.673205	0.930951	1.380756	0.939071	
Y	0.755583	0.752761	0.489353	0.480101	0.211269	1.017938	0.265878	0.737858	1.166877	1.119134	0.874411	3.368012	1.097667	
