#O94875
A	1.001948	1.490634	0.604210	0.089624	1.439796	0.597766	3.172197	6.879018	0.170825	1.359289	3.903855	0.089312	0.762836	1.378064	
C	0.832833	0.472250	0.264717	0.004628	0.001454	0.000712	0.001493	0.001029	0.000572	0.001086	0.001470	0.004455	0.168595	0.529384	
D	0.917698	1.066349	1.368081	0.004628	0.255881	0.000734	0.765377	0.423336	0.425371	0.001087	0.850717	0.427067	0.253591	0.614252	
E	1.002495	0.557122	0.434465	0.088729	0.592610	0.000712	0.934055	0.594769	0.000572	0.596405	1.359510	0.004464	0.508161	0.868852	
F	0.832833	0.726865	0.773959	0.172360	0.425997	0.170050	0.510765	0.167968	0.596855	0.170278	0.086353	0.089517	0.253490	0.779860	
G	2.053104	1.744650	1.200694	0.341269	2.038647	5.945883	0.171497	7.555815	0.170462	0.001204	1.101857	0.004455	0.420254	1.717437	
H	0.832836	0.557121	0.349591	0.174574	0.340996	0.000715	0.342073	0.255816	0.340191	0.086003	0.425889	0.089533	1.610297	0.699120	
I	0.832833	1.320955	1.877341	0.089603	0.340941	0.085716	1.274464	0.086032	0.000572	1.695046	0.086383	0.089464	2.375707	0.868854	
K	0.832833	0.472250	0.349589	0.004628	0.425881	0.000712	0.171256	0.001029	0.000572	0.086003	0.597178	0.006028	0.168595	0.614243	
L	1.344249	2.764071	3.182396	0.429500	0.934738	0.250295	2.547152	0.511701	0.000583	9.712089	2.207612	0.004508	1.862351	2.139062	
M	1.172297	0.641992	1.278845	0.089608	0.681135	0.000712	0.425907	0.340715	0.000572	0.934591	0.934868	0.088894	1.104084	1.038561	
N	0.832833	0.557122	0.601178	0.004628	0.765422	0.255315	0.171256	0.085950	0.085525	0.001086	1.523380	0.004583	0.762817	0.868804	
P	0.832833	0.928653	0.944857	0.176302	0.001525	0.166047	1.865546	0.087151	0.000585	0.001087	0.002522	0.004467	0.168595	0.783340	
Q	0.832833	0.556449	0.349589	0.089606	0.850301	0.000712	0.510777	0.765268	0.000572	0.595402	0.850307	0.004455	0.760602	0.868537	
R	1.002646	1.149024	0.858787	17.536944	1.781873	0.170623	0.511129	0.170883	0.000587	0.850352	1.104339	0.004489	0.422833	0.699114	
S	1.002565	0.981473	0.858865	0.260697	3.855177	11.161741	2.208131	0.935108	0.340547	0.086028	2.207411	0.004456	0.677932	1.462722	
T	1.002562	0.641993	0.601733	0.004628	3.309695	1.189328	0.764946	0.170872	0.000579	0.340411	1.274822	0.006703	1.017493	1.038588	
V	1.002555	1.915055	1.619491	0.258777	0.256240	0.000803	2.122011	0.508676	0.084429	1.271528	0.935200	0.036684	6.279758	1.378060	
W	0.917512	0.981475	1.707609	0.004628	0.764652	0.000712	0.595337	0.170922	3.049950	1.616648	0.340898	0.174506	0.253412	0.615834	
Y	0.917700	0.474496	0.774003	0.174637	0.937038	0.000712	0.934632	0.287942	14.730076	0.594377	0.205427	18.861960	0.168595	1.037315	
