#O94875
A	1.319952	1.939785	0.893479	4.216683	0.029979	0.187440	5.902222	0.680109	0.339796	0.697406	2.070857	0.594582	0.706222	0.925760	
C	0.634742	0.247131	0.043396	0.035898	0.026459	0.017109	0.002532	0.002117	0.001630	0.020238	0.037252	0.078853	0.368496	0.755997	
D	0.634742	0.416947	0.043396	0.545359	0.028330	0.355946	0.321418	0.172091	0.001722	1.717348	0.697431	0.248166	1.086651	1.088066	
E	0.634742	0.247131	0.043401	0.715276	0.026459	0.017109	0.851955	0.002119	0.001630	0.814349	2.052016	0.597486	0.707712	0.925749	
F	0.804515	0.585706	0.043488	0.554501	0.026509	0.017142	0.002539	1.181845	0.003317	0.699704	0.876770	1.945515	1.872012	1.095611	
G	1.142869	3.958849	0.045272	1.903839	0.518091	0.017538	0.682193	0.002724	0.328373	1.007631	3.475700	0.250156	1.031474	0.926937	
H	0.634742	0.247131	0.383454	0.205750	0.196472	0.192505	0.002532	0.180291	0.171449	1.036305	0.716599	0.233444	0.535916	0.755997	
I	1.143696	0.247131	0.723516	0.714782	1.220333	1.037578	0.337957	0.499435	0.341779	1.028002	0.889841	0.418478	1.558866	1.265268	
K	0.634769	0.416554	0.043396	0.717842	0.364963	0.017109	0.002532	0.002120	0.001630	0.189438	0.037252	0.248741	0.538287	1.086419	
L	1.652299	1.770132	0.551347	2.392536	1.910678	0.528401	1.216764	10.658496	0.174545	2.423375	1.230292	2.969795	3.074233	1.601752	
M	0.634755	0.756545	0.723230	0.886930	0.026618	0.017425	0.512269	0.512063	0.339865	0.871413	0.210993	1.100242	1.382943	1.436576	
N	0.634742	0.584992	0.045411	0.035899	0.026497	0.017221	0.179731	0.342058	0.001630	0.193422	0.370663	0.078856	0.368499	0.925752	
P	0.800691	0.756600	12.232375	1.378638	0.705651	16.597803	4.708969	0.172255	13.713767	0.021023	0.387162	0.758388	0.538667	0.755997	
Q	0.804440	0.919858	0.043399	0.035900	0.026459	0.187279	0.677601	0.002117	0.001655	0.529757	0.037252	0.078878	0.368496	0.756009	
R	0.974300	1.799909	2.228966	1.390549	9.858532	0.018609	1.354544	1.570297	1.180642	0.172118	0.037684	0.249422	0.368496	0.916332	
S	1.320792	1.604712	0.383480	0.043168	0.026460	0.187452	0.854633	0.661640	0.838871	1.716911	2.001692	0.763253	0.701815	0.755997	
T	1.307820	0.416725	0.383417	0.753985	0.028111	0.192997	0.342400	0.361077	0.830226	0.359782	0.544653	0.079204	1.018245	0.755997	
V	0.975181	1.573510	0.888818	2.736329	4.404677	0.358992	1.194299	1.166670	0.662833	4.251628	0.888046	1.576763	1.731226	1.095534	
W	2.166254	0.756591	0.213321	0.560671	0.365641	0.017120	0.003208	0.512327	0.169865	2.054973	1.731055	1.594046	1.026733	1.418161	
Y	1.143958	0.754062	0.043437	0.175464	0.183081	0.017223	0.849702	1.318148	0.894776	0.195178	1.706791	6.135732	1.015009	0.756088	
