#Q9BX66
A	0.911925	1.297608	3.137808	0.297475	2.656595	1.367551	0.731809	1.726872	0.002431	2.546642	0.888828	1.161351	1.373475	0.986080	
C	0.831531	0.576627	0.119965	0.001054	0.000652	0.000437	0.000176	0.002613	0.002330	0.004994	0.005843	0.036160	0.169208	0.424145	
D	0.871643	0.781032	0.119965	0.001054	0.201636	0.000437	0.000184	0.170243	0.050211	0.198273	0.206742	0.478127	0.731084	0.785890	
E	0.871717	0.737301	0.240623	0.001054	0.762126	0.000437	0.000176	0.590855	0.003617	0.286376	0.086518	0.801341	0.449187	0.865925	
F	0.911914	0.858104	0.441548	1.690052	0.197875	0.000439	0.040395	0.847620	0.003785	1.050416	2.335638	1.083453	1.006300	1.070811	
G	1.594550	2.076015	2.621792	0.041266	0.162250	0.000437	0.044341	0.081363	0.043304	1.428831	0.521794	0.598223	1.132514	0.866017	
H	0.871726	0.737380	0.200515	0.001054	0.121342	0.000437	0.041547	0.042814	0.042464	0.529566	0.286474	0.597721	0.410191	0.464145	
I	0.951904	0.737281	0.764051	0.081462	1.689077	1.686523	0.161054	1.809777	0.002401	0.687892	1.332271	1.375123	1.384222	1.200822	
K	0.911914	0.662148	0.884832	0.001054	0.280721	0.000437	0.000180	0.002613	0.002403	0.045192	0.046164	0.236127	0.289136	0.464317	
L	1.091379	1.209356	1.438292	0.081488	2.574528	0.423970	0.244425	3.594341	0.048617	1.799283	3.758095	3.244240	3.758760	3.193915	
M	0.911920	0.942008	0.601121	0.081456	0.762557	0.000452	0.138127	1.046836	0.125468	0.847966	1.532941	1.159380	1.052632	1.066996	
N	0.951767	0.777605	0.240553	0.001054	0.161252	0.000439	0.000182	0.042244	0.003952	0.767648	0.166571	0.238232	0.490510	0.705157	
P	1.010844	0.784770	1.123779	15.734236	1.345310	5.106914	17.513099	1.663175	0.467773	0.377661	0.046045	0.302978	0.413522	0.464330	
Q	0.871726	0.859142	0.441542	0.001054	0.443805	0.000437	0.040537	0.485232	0.098460	0.246168	0.165463	0.597545	0.410200	0.945693	
R	1.122227	1.372407	3.548881	0.200709	1.219111	5.648372	0.040577	0.123202	19.029896	0.363369	0.085677	0.115753	0.423725	0.544711	
S	1.268469	1.297984	1.248734	0.164997	0.956571	0.040640	0.358465	0.729805	0.055561	2.257353	2.530836	1.924702	1.374806	1.067351	
T	0.952104	1.058929	0.401322	0.001054	1.343434	0.284456	0.201619	1.207742	0.009177	1.532472	0.568619	0.759189	0.810497	0.719564	
V	1.117045	1.237145	1.662373	0.161978	4.838491	5.435786	0.442757	5.667431	0.002356	1.567567	2.201255	2.878416	2.813371	2.561971	
W	0.992524	1.139218	0.361118	0.523800	0.040852	0.000437	0.000176	0.002615	0.002381	1.889979	1.340369	1.080239	0.935433	0.824323	
Y	0.981171	0.857942	0.401186	0.932648	0.241814	0.000962	0.000176	0.162609	0.003412	1.572352	1.893857	1.331700	0.571227	0.777838	
