#P12931
A	0.930321	1.361598	1.357886	0.196606	4.405074	0.002913	0.128359	2.146122	0.593489	0.330553	1.053676	1.179737	1.205867	0.834232	
C	0.483045	0.332419	0.173756	0.011271	0.007127	0.002498	0.001689	0.002751	0.007946	0.055075	0.169335	0.308222	0.517312	0.667935	
D	0.558250	0.387314	0.423172	0.046053	0.487979	0.002498	0.019997	1.390283	0.030390	0.383608	0.770153	0.965164	0.878534	0.995877	
E	0.627825	0.515380	0.462212	0.029283	0.775767	0.002506	0.001704	1.219095	0.099474	0.551540	0.902226	1.019429	1.102125	1.011099	
F	1.004674	0.804472	1.037346	0.068316	0.301823	0.042436	0.001711	0.506719	0.557341	0.238164	0.987030	0.985623	0.865488	1.036599	
G	1.310539	1.732666	2.326961	0.693066	1.471297	0.003256	0.001720	1.132895	0.208225	0.920795	2.029592	1.485559	1.242348	1.290412	
H	0.574431	0.563417	0.712392	0.088475	0.178786	0.002555	0.025448	0.259081	0.044552	0.293575	0.662047	0.636708	0.735456	0.820742	
I	0.787948	0.783548	0.425276	0.047766	0.288856	0.103753	0.055475	0.813743	4.631766	0.545327	0.708646	0.971138	1.048262	1.032182	
K	0.647630	0.698239	0.614893	0.225727	0.443126	0.002589	0.001689	0.302429	0.007946	0.109997	0.404571	0.381355	0.700136	0.855588	
L	2.803996	1.391048	1.107999	0.368108	0.998517	18.916323	0.129732	2.082055	4.524427	0.954886	1.959753	1.958551	1.422314	1.578762	
M	0.978042	0.670128	0.685550	0.101832	0.533834	0.168976	0.033613	0.936253	0.266340	0.347014	0.864347	0.948635	1.006759	0.830597	
N	0.950448	0.529864	0.829421	0.080829	0.220092	0.006627	0.001689	0.584989	0.007946	0.857790	0.717434	0.959750	0.983096	0.795295	
P	1.128367	0.842006	0.789719	0.757263	4.558788	0.187787	19.255407	0.975795	1.707143	10.816139	0.473926	0.488207	0.721902	0.777670	
Q	0.803094	0.862041	0.513433	0.106577	0.284324	0.002501	0.020958	0.631874	0.044538	0.274931	0.528256	0.873579	0.933908	0.887584	
R	1.237066	2.492188	1.466915	16.458389	1.051221	0.034973	0.051559	0.745480	0.813143	0.323044	0.711256	0.683105	0.724542	0.850816	
S	0.918786	1.831922	1.668865	0.204758	2.142807	0.072590	0.170751	2.461558	0.156938	0.804968	1.811259	1.521841	1.506677	1.416619	
T	0.638540	0.877255	1.225886	0.116297	0.681685	0.035447	0.093409	0.820161	0.683531	0.428373	1.065872	0.840492	0.842245	0.994559	
V	1.210716	1.380369	1.494875	0.116866	0.899461	0.359451	0.001690	2.365080	5.245154	1.062840	2.158553	2.052360	1.714467	1.515273	
W	1.060736	1.063007	1.329406	0.217101	0.132862	0.029805	0.001689	0.240959	0.208912	0.371707	0.889163	0.676798	0.814558	0.922460	
Y	1.345545	0.881119	1.354039	0.065416	0.136574	0.020515	0.001708	0.382677	0.160797	0.329675	1.132906	1.063746	1.034005	0.885698	
