#P12931
A	1.006928	1.045351	1.270128	1.454228	1.341681	2.787442	0.071629	3.187047	0.009954	0.411366	3.084630	0.607944	1.032803	1.889079	
C	0.904973	0.864498	0.794020	0.550759	0.315484	0.054225	0.001103	0.002324	0.008884	0.023472	0.044691	0.061369	0.096116	0.136697	
D	1.028120	0.864577	0.818431	0.947898	0.753851	0.054225	0.001117	1.447946	0.059317	0.092213	0.381863	0.133836	0.829760	0.337552	
E	0.910893	0.864838	0.809792	0.747121	0.381440	0.184418	0.066203	1.470832	0.008923	0.276439	0.563199	0.136154	0.490224	0.674053	
F	0.937810	0.878348	1.108058	1.064048	1.025245	0.953998	0.131329	0.228234	0.203755	0.088593	0.847551	0.321591	0.615707	1.039108	
G	1.086962	1.157931	1.078834	1.381696	2.530265	3.697785	0.652514	0.410140	0.012816	0.135079	0.655291	0.366503	0.837925	1.243188	
H	0.905480	0.889305	0.896582	0.862168	0.486257	0.379580	0.112024	0.067267	0.008919	0.152016	0.115283	0.260397	0.231758	0.439597	
I	0.927350	1.017858	0.876047	0.681404	0.941157	1.126636	0.005192	0.829068	0.558613	0.103067	0.730842	0.177718	0.877164	1.119923	
K	0.905561	0.930642	0.917817	0.569474	0.457643	0.444572	0.066255	0.629287	0.074037	0.023477	0.379973	0.126827	0.162054	0.315662	
L	1.179093	1.005721	1.247395	1.886071	1.802777	1.297689	0.522810	2.242958	13.841038	0.209223	2.336078	0.572432	1.109367	3.277640	
M	1.032520	1.095709	0.796743	0.749576	0.786091	0.308712	0.213279	0.783989	0.131763	0.092136	1.218794	0.322935	0.894564	0.860296	
N	1.065551	0.878431	0.805899	0.694051	0.599771	0.104655	0.001103	0.796262	0.008884	0.163842	0.374043	0.087960	7.229706	0.399893	
P	1.018720	1.330761	0.881990	0.697738	0.990349	1.218498	15.347372	1.554871	0.021028	17.109301	1.826113	0.723694	0.996230	0.202150	
Q	0.938585	0.868917	0.822935	0.797807	0.696864	0.184436	0.193152	0.564401	0.008967	0.088053	0.330706	0.134039	0.372331	0.722718	
R	1.152951	1.191060	1.272991	1.770933	1.094532	2.412994	0.800947	0.811423	0.010089	0.047128	0.396020	13.188424	0.205466	0.202420	
S	0.982850	1.065350	1.075603	1.620545	1.444283	1.367670	0.637473	2.455790	0.130184	0.612489	1.562061	0.237393	0.939509	1.575591	
T	0.937888	0.879911	0.893259	0.893449	0.911326	0.392844	0.261134	0.936460	0.341048	0.063207	0.697347	0.251777	0.568157	0.602666	
V	1.051360	1.043698	1.433954	1.216933	1.504018	2.105663	0.652619	1.236327	4.109192	0.150799	2.931170	0.108335	0.981753	2.526849	
W	0.998835	1.195824	1.176112	0.730348	0.779774	0.543130	0.131407	0.196830	0.140679	0.134571	0.609662	1.355399	0.601528	1.184637	
Y	1.027570	0.931270	1.023411	0.683752	1.157191	0.380829	0.131341	0.148544	0.311911	0.023529	0.914683	0.825273	0.927878	1.250281	
