#P12931
A	0.677637	0.760027	0.069878	5.574850	0.625076	0.174617	3.604585	0.301585	1.052370	3.451888	0.302219	0.902270	0.624961	0.692680	
C	0.677637	0.610091	0.069878	0.024942	0.025284	0.024557	0.002057	0.001263	0.001649	0.002512	0.002169	0.001666	0.325065	0.392832	
D	0.677637	0.610091	0.069878	0.024942	0.625076	0.474736	0.302140	0.151424	0.151752	1.052319	0.002169	0.003905	0.774909	2.191915	
E	0.677637	0.909962	0.069878	0.324973	0.025284	0.024557	0.002057	0.303822	0.151752	3.001977	0.302219	0.451541	0.327299	0.692680	
F	0.827575	0.909962	0.969944	0.174943	0.475128	1.825274	0.002057	0.601899	0.001649	0.002512	0.452244	0.001746	0.624961	1.142450	
G	0.977513	0.610091	0.519917	1.524949	1.224869	0.774887	0.152098	0.001293	0.001652	0.902352	0.452244	0.001666	4.525121	0.692679	
H	0.677637	0.610091	0.369900	0.174943	0.626587	0.324677	0.752258	0.001263	0.902268	0.302458	0.152187	0.301868	0.924857	1.742144	
I	0.677637	0.610091	0.069878	0.174942	0.775024	0.174617	0.302140	0.451746	0.001649	0.004031	3.006404	0.602069	0.325065	1.592221	
K	0.677637	0.610091	0.219889	0.324943	0.924972	0.174620	0.152098	0.001263	0.602061	1.502137	0.452244	0.451961	0.325145	0.392832	
L	5.175668	0.760002	5.021393	2.274952	0.775024	1.975328	1.052349	14.268063	0.451958	1.351838	6.452711	1.052371	1.824119	1.442287	
M	0.977513	0.610091	0.219891	0.924946	0.625076	0.174617	0.002057	0.001263	0.001649	0.452466	2.102627	0.451968	0.924850	1.142450	
N	0.677637	0.760027	0.219889	0.174943	2.124634	0.174617	0.002057	0.001263	0.902268	0.452432	0.002169	0.001666	0.475013	0.542329	
P	1.127451	1.359773	2.620065	0.174943	1.074920	0.926438	7.806463	0.902230	12.163741	3.151951	1.052343	12.009720	0.774909	1.892058	
Q	0.677637	0.760027	0.369900	0.474936	0.325177	0.474816	0.602118	0.151424	0.301855	0.602487	0.152194	0.753687	0.325065	0.392832	
R	0.677639	0.610091	0.219889	0.774947	1.224869	10.228623	1.652547	1.352278	0.752244	0.902352	1.352393	0.451968	1.374698	0.542756	
S	0.677667	4.808287	0.819933	1.374592	2.274505	0.474630	0.752265	0.001263	0.902267	1.352269	0.452244	1.202357	0.774909	0.542755	
T	0.677637	1.059898	0.669922	0.176461	0.625076	0.024557	1.202463	0.151424	1.202369	0.454666	0.452244	1.202472	0.624961	0.542756	
V	1.127452	0.760026	1.419969	2.874955	4.073806	0.774420	1.201954	1.202551	0.001649	0.752379	2.852643	0.151767	2.274390	1.592213	
W	0.977516	1.511255	1.119955	2.274956	0.625076	0.324677	0.452182	0.151425	0.301427	0.302459	0.002169	0.001666	1.374691	0.392832	
Y	0.677637	0.760027	4.870151	0.174943	0.924536	0.474737	0.002057	0.001263	0.151774	0.002512	0.002169	0.001668	0.475013	1.442297	
