#P12931
A	0.743878	0.301898	0.016792	0.872165	0.016577	1.156547	0.855162	0.002937	1.142497	0.858090	0.003424	0.031800	1.398192	0.999957	
C	0.174734	0.016900	0.016792	0.017547	0.016577	0.018760	0.004491	0.002937	0.005042	0.004621	0.003424	0.031799	0.829804	0.999957	
D	0.743878	0.016900	0.016792	3.719928	0.301657	1.725442	0.858053	0.002937	1.142495	0.573600	0.003424	3.730682	1.113998	0.999957	
E	0.174734	0.016900	0.016792	0.587087	0.016577	0.872101	0.858053	0.283657	1.142495	3.987391	0.573075	0.032610	1.393958	0.999957	
F	0.174734	0.871897	1.156861	0.302345	0.016577	0.303211	0.289011	0.287918	0.573768	0.004621	1.142727	0.601360	0.829804	0.999957	
G	6.435321	0.016900	0.586816	0.017547	0.016577	0.587597	1.142574	2.852528	2.564305	0.004622	0.003424	0.316656	1.679523	0.999957	
H	0.459306	0.016900	0.016792	0.017547	13.127364	0.303207	0.004506	0.002937	0.005042	0.289106	0.288263	1.456081	0.829804	0.999957	
I	0.174734	0.016900	0.301809	0.017549	0.016577	0.018760	0.004491	0.002937	0.289405	0.855191	3.129413	0.031799	0.829804	0.999957	
K	0.174734	0.016900	0.016792	0.017547	0.016578	0.872094	0.004491	0.287902	0.573769	2.849661	0.003424	0.031813	1.113846	0.999957	
L	0.174939	11.416893	12.555372	0.017547	0.016577	1.156563	0.858053	0.855012	0.289405	2.565795	7.979549	0.031799	0.830613	0.999975	
M	1.028450	0.016900	2.581945	0.017547	0.016577	1.156547	3.134220	0.002937	0.289405	1.995941	1.996996	0.316656	1.114011	0.999957	
N	0.743878	0.016900	0.016792	0.302345	0.871669	1.156547	0.004491	0.002937	1.711221	0.858072	0.003424	2.025794	0.829804	1.000766	
P	0.174734	0.871889	0.016793	0.302345	0.016577	1.153664	2.845468	0.002937	0.851054	0.004621	0.003425	0.031819	0.829804	0.999975	
Q	0.174734	0.016900	0.301809	0.302361	3.152459	0.587502	3.987984	0.002937	0.289405	1.711367	0.003424	0.313777	1.113998	0.999957	
R	1.313019	0.016900	0.016792	1.726334	0.301657	3.147693	2.565121	3.138376	3.132887	0.858072	0.003425	0.316656	0.829810	0.999957	
S	1.028393	0.301904	0.016792	2.011813	0.586737	4.854559	0.289013	0.287902	1.995587	0.289111	0.288250	0.316875	0.829804	0.999958	
T	0.459306	0.016900	0.016792	9.128216	0.301657	0.587654	1.426958	0.002937	0.289603	1.707284	0.003424	0.031801	0.829804	0.999957	
V	4.727886	0.301899	1.726912	0.302345	1.157041	0.304035	0.858881	0.572868	0.573768	0.573588	3.990983	0.031799	0.829804	0.999972	
W	0.459300	4.003935	0.301809	0.302338	0.016577	0.018760	0.004491	11.116562	1.427668	0.004621	0.573075	0.316656	0.829822	0.999957	
Y	0.459306	1.726892	0.301959	0.017547	0.017407	0.018760	0.004491	0.287902	1.711180	0.004621	0.003424	10.001768	1.113998	0.999957	
