#Q7Z6B7
A	0.692244	0.897449	0.320293	0.189108	1.493616	4.464514	3.176891	4.287743	0.935927	0.942063	0.787544	1.095536	2.360444	0.851669	
C	0.692230	0.524627	0.133845	0.002617	0.002326	0.002683	0.001475	0.002665	0.003079	0.011378	0.040527	0.161598	0.311301	0.478957	
D	0.692230	0.711038	0.133845	0.002617	0.936044	0.189259	0.001475	0.377607	0.935545	1.129540	0.414414	0.161990	0.497523	0.665290	
E	0.692230	0.524627	0.320294	0.002617	0.375615	0.558952	0.001514	0.002761	0.003079	0.011379	0.226985	1.465205	1.056999	1.038169	
F	1.249712	1.828807	1.625005	0.560670	0.002326	0.561933	0.374593	1.144223	0.563837	0.198077	1.902270	1.839395	0.675414	1.410376	
G	1.439508	0.714101	2.181062	0.931231	0.375522	0.768427	0.001475	0.002815	1.120538	0.011378	1.524910	1.091817	0.311301	0.478957	
H	0.692230	0.524627	0.320335	0.935501	0.188785	0.002683	0.188019	0.189286	0.003079	0.011378	0.226969	0.348029	0.683950	1.038150	
I	1.251215	0.710936	0.694979	0.186608	0.002326	0.749640	0.001475	0.189244	1.865235	0.198074	0.599808	1.464700	2.172295	1.224362	
K	0.692230	0.524627	0.133845	0.002618	0.935527	0.002683	0.001475	0.556311	0.003079	0.198074	0.226808	0.348037	0.497713	0.851764	
L	1.623774	1.644691	3.106938	2.241966	0.748830	5.411705	0.373054	2.034522	3.729770	1.129975	3.018941	2.767592	2.543964	2.332740	
M	0.878588	0.524627	0.693012	0.002617	0.562240	0.375278	0.001507	0.002665	0.750770	0.571326	0.413512	1.280975	1.056999	0.851559	
N	0.878623	1.081363	1.262935	0.375657	0.002738	0.002683	0.001475	0.002712	0.003123	0.384771	0.040527	0.348038	0.684145	0.479068	
P	0.692230	0.524641	0.506100	6.340992	10.801984	2.801301	13.605065	6.154240	1.668196	11.772366	1.158833	0.534465	0.684099	0.665333	
Q	0.692230	0.897390	0.320294	0.002617	0.002326	0.002683	0.001475	0.002776	0.952890	0.382812	0.599890	0.348036	0.495801	0.665362	
R	1.437814	0.702335	2.183614	3.733042	0.558674	1.122995	0.392375	0.560995	3.543877	2.427196	0.597293	0.348275	0.311301	0.478958	
S	0.879935	1.475516	1.065312	0.376277	0.949118	1.680625	0.376336	1.306995	0.553306	0.199365	1.718620	0.907353	1.429898	1.037770	
T	0.692304	0.897229	1.062181	0.374108	0.563387	0.002683	0.001475	0.748686	0.747273	0.199203	0.413447	0.906290	0.870553	0.849740	
V	0.692230	1.079944	1.249635	0.185372	1.118772	1.107334	1.495895	1.495221	2.051766	0.012191	1.903992	2.023270	1.616570	1.593751	
W	1.819782	2.754556	1.438565	2.980795	0.002327	0.002683	0.001475	0.003051	0.189935	0.011378	2.085337	2.025271	0.496897	1.783471	
Y	1.618662	1.456869	1.247912	0.572968	0.377517	0.189252	0.001475	0.935484	0.375698	0.198075	2.099374	0.534128	1.242832	1.224554	
