#Q6ZMT1
A	0.733138	1.141654	1.322285	0.000235	7.062289	2.681173	1.560293	2.969826	0.636684	0.630802	1.946147	1.092142	1.188597	1.546856	
C	0.591548	0.436266	0.276749	0.000230	0.000857	0.000620	0.000791	0.001016	0.000889	0.004003	0.036671	0.167323	0.409826	0.565108	
D	1.086755	0.507038	0.276749	0.000230	0.072080	0.000621	0.000791	0.355027	0.001375	0.074868	0.461463	0.835380	0.551255	0.704922	
E	0.591548	0.577793	0.559130	0.000236	0.780062	0.071735	0.071589	1.771622	0.000890	0.004003	0.738499	1.439963	1.391812	1.130500	
F	1.137326	1.492095	0.914618	0.001274	0.000982	0.071873	2.834360	0.282683	0.560713	0.075867	1.939886	1.371866	0.833784	1.343452	
G	1.228598	2.136106	3.696808	0.317134	1.280193	0.385959	0.308505	0.283704	0.284229	0.074974	0.958286	0.450580	0.968947	1.053340	
H	0.662495	0.789883	0.559663	0.071284	0.000857	0.000620	0.000791	0.001016	0.000889	0.144177	0.673781	0.375923	0.693018	0.706961	
I	0.871504	0.790224	0.277065	0.139948	0.002838	0.000620	0.205683	0.071022	5.729646	0.216595	1.024546	1.080186	1.470940	0.918754	
K	0.591548	0.436266	0.702605	0.139975	0.213348	0.779964	0.000791	0.142171	0.000889	0.004003	0.036671	0.379360	0.905083	0.707024	
L	1.285713	1.568943	0.907062	0.071253	0.992247	0.213800	1.317629	2.120027	6.368325	0.357198	2.310372	3.259541	1.830300	1.897536	
M	1.512760	0.718779	0.836030	0.212097	0.283984	0.001699	10.670690	1.134041	0.269748	0.004003	0.799573	1.078246	1.468956	0.847784	
N	1.088606	0.438225	0.841722	0.000230	0.071692	0.000621	0.000791	0.071969	0.141512	0.004003	0.459986	0.379211	0.976975	0.988845	
P	0.733144	0.717424	0.347515	0.399885	6.588170	3.736697	0.000791	6.929985	0.353097	15.561749	0.458588	0.592056	0.482753	0.774772	
Q	0.733043	0.577791	0.347554	0.000246	0.142529	0.071422	0.142470	0.496456	0.000889	0.145549	0.106847	0.521259	0.541197	0.571485	
R	1.228176	1.418861	1.539359	18.360838	0.284095	11.694038	0.071608	0.277485	0.000889	0.066533	1.029922	0.238105	0.480478	0.778178	
S	1.015765	1.355635	1.808666	0.000230	1.101380	0.002605	0.070158	1.124596	0.843259	2.118208	1.021116	1.299290	0.692123	0.880543	
T	0.591548	1.002316	0.630750	0.000231	0.205292	0.071512	0.425837	0.562339	1.691608	0.006877	0.673873	0.716161	0.791966	0.777442	
V	1.511000	1.568610	1.409351	0.000263	0.844393	0.000628	0.491942	1.402823	2.758438	0.350404	3.412290	3.122128	2.454508	1.831248	
W	1.437395	1.482987	1.338635	0.283886	0.071620	0.213173	0.633218	0.001175	0.142485	0.074825	0.956515	0.938816	0.759724	0.773729	
Y	1.368390	0.843104	1.407682	0.000294	0.001093	0.000621	1.191273	0.001016	0.213544	0.081361	0.954968	0.662464	1.107755	1.201521	
