#Q92783
A	1.795848	4.304543	0.394176	0.772782	2.347452	1.172463	0.197454	3.717993	0.786098	0.002029	1.171866	1.761383	0.557598	0.999803	
C	0.629507	0.002149	0.001718	0.002719	0.002648	0.002916	0.001622	0.002911	0.002373	0.002018	0.002817	0.002073	0.373903	0.999800	
D	0.629507	0.002149	0.001718	0.391978	0.004034	5.663054	0.001622	0.198254	0.002373	0.002400	0.782675	0.199626	0.569272	0.999800	
E	0.629507	0.002149	0.001718	0.198097	0.588496	2.933593	0.001627	0.381303	0.002373	1.176992	0.002819	1.175279	1.545489	1.000340	
F	0.629507	0.197078	0.001719	0.393555	0.829988	0.002916	0.001623	0.198251	0.002373	0.196567	5.124974	1.371467	0.569179	0.999814	
G	4.147168	1.559778	0.196620	1.763891	1.567287	0.579656	0.196705	1.999756	0.197819	0.002087	1.370750	1.948575	0.612346	1.001684	
H	0.629507	0.002149	0.784095	0.393332	0.002650	0.198638	0.197214	0.003292	0.002373	0.196170	0.002866	0.002073	2.325870	0.999800	
I	0.629801	0.185377	0.001718	0.395380	2.920428	0.198342	0.001622	0.198722	1.556916	0.198910	2.346799	0.002869	0.569165	0.999937	
K	0.629507	0.002149	0.001718	0.198244	0.002648	0.784287	0.001635	0.002911	0.197819	12.542353	0.002818	0.002074	0.373949	0.999801	
L	0.629507	0.393148	0.976447	1.798987	2.733408	0.393829	1.761776	0.002911	2.570931	0.188480	2.354384	1.215788	0.764818	0.999801	
M	0.629512	0.002188	0.001718	0.197948	0.589879	0.198255	0.001655	0.002911	0.587675	1.369328	0.578432	0.004164	0.374019	1.000558	
N	0.824639	0.002149	0.001718	0.002720	0.393432	3.716696	0.001622	0.002911	0.197816	0.393048	0.002860	0.002074	0.766868	0.999800	
P	0.629554	1.566288	14.293969	0.978066	0.579591	0.588438	3.704963	2.138746	2.541245	0.202241	0.382035	0.201523	1.741232	0.999801	
Q	0.629507	0.197677	0.001718	0.198097	0.002648	0.002916	0.197345	0.002911	0.393191	1.372316	0.002817	0.002074	6.026290	1.000230	
R	0.824498	10.939094	0.979350	1.175543	0.395407	0.198256	12.895858	2.349292	0.197819	0.189749	0.198180	0.002082	0.569168	0.999803	
S	0.824718	0.002161	1.567002	0.002842	0.002683	0.195570	0.001688	3.908002	1.368363	0.197435	0.393789	0.391352	0.373907	0.999800	
T	0.629507	0.003069	0.783879	0.393474	0.002648	0.393796	0.393121	2.142676	9.381424	1.370595	0.198940	0.197620	0.373923	0.999800	
V	2.769681	0.241563	0.003107	8.586589	7.029378	1.801793	0.001622	0.591813	0.005733	0.002020	4.693459	11.513740	0.765163	0.999998	
W	0.629507	0.197678	0.004176	2.152993	0.002648	0.002963	0.437603	1.956184	0.002913	0.002028	0.383843	0.002073	0.373904	0.999801	
Y	0.629507	0.197465	0.001718	0.002763	0.002648	0.971621	0.001624	0.198250	0.002373	0.393236	0.002876	0.002093	0.373936	0.999827	
