#Q92783
A	0.958779	2.260615	2.281574	0.417888	0.213024	1.266804	0.002206	1.677710	0.415669	2.888444	0.623653	2.259825	0.488527	0.802669	
C	0.958407	0.200298	0.024766	0.002517	0.003225	0.002758	0.002196	0.002383	0.002242	0.003220	0.002660	0.003240	0.044336	0.802510	
D	0.958407	0.200298	0.024791	0.002523	2.272097	9.722425	0.002200	0.208760	0.002242	1.036489	0.002750	0.415213	2.294911	1.008864	
E	0.958412	0.200298	0.024768	0.208980	0.416457	2.703150	0.002196	0.002383	0.002246	5.580987	0.002677	1.247386	0.457313	1.007066	
F	0.958423	0.200323	0.024813	0.209340	1.364218	0.830113	0.002906	0.002481	0.629154	0.003309	1.982104	0.827055	0.459409	0.817760	
G	1.369570	2.058907	13.825998	2.273110	1.055090	0.417672	0.002304	0.751585	0.002242	1.224709	0.620825	1.044339	1.000056	0.802596	
H	0.958543	0.386739	0.024809	0.002517	2.085307	0.409927	0.199297	1.030189	0.002242	0.411126	0.004099	0.416306	0.044349	0.802510	
I	0.958453	0.200342	0.026096	0.002528	0.003234	0.002830	1.054207	0.003422	0.002289	0.208288	0.211573	0.440336	0.664905	1.214591	
K	0.958408	0.200298	0.024784	0.002537	0.416261	0.210975	0.861038	0.002413	0.002242	1.781795	0.002769	0.003288	0.045096	0.802515	
L	0.958455	0.406878	0.211735	3.836763	0.210682	0.003071	0.209719	0.809306	11.716002	1.231199	7.818150	1.792495	0.870493	1.011619	
M	0.958496	0.200450	0.231576	0.194228	0.003264	0.002814	1.662045	0.002408	1.034961	0.620744	1.401035	0.825845	0.250986	0.823788	
N	0.958407	0.200298	0.024789	0.002518	1.861819	1.234040	0.419427	0.002383	0.002245	0.003220	0.002709	0.208631	0.456954	0.802530	
P	0.958585	0.202740	0.988455	0.002748	0.586930	0.419005	0.002321	11.740593	1.242964	0.233959	2.271909	6.539482	0.483262	0.803971	
Q	0.958409	0.200629	0.024766	0.002539	0.416252	0.416177	0.004278	0.415587	0.209025	0.415456	0.230162	0.003349	0.046113	0.832762	
R	0.958648	0.629589	0.452605	8.494121	0.415943	0.002771	12.125723	1.238781	0.829140	0.803114	0.002663	0.624197	0.044339	0.803134	
S	0.958426	0.612986	0.029402	0.827862	0.622603	0.404221	0.623995	0.828978	0.211131	0.417126	0.622559	2.068400	0.613552	0.958928	
T	0.958407	0.200347	0.025296	0.002517	0.209506	0.208475	1.241919	0.425645	1.034904	0.652280	0.467374	0.623503	0.058669	0.806618	
V	1.172104	11.036958	1.471188	0.616965	0.417859	0.910650	0.002235	0.436704	2.030722	2.478047	3.724678	0.441357	9.936035	3.077789	
W	0.958446	0.200493	0.233023	2.895283	0.416095	0.624684	1.577573	0.415904	0.626072	0.003265	0.002883	0.003625	0.044979	1.008928	
Y	1.164214	0.200514	0.024766	0.002517	7.010135	0.207438	0.002214	0.002383	0.002268	0.003223	0.002766	0.212130	1.695715	1.008852	
