#Q92783
A	0.996203	1.099776	1.132956	0.006496	0.000399	1.423112	1.414481	4.032748	0.001183	1.972101	0.827952	1.406119	0.988500	0.885217	
C	0.559542	0.335287	0.149781	0.006446	0.000374	0.001868	0.001970	0.001501	0.001178	0.001847	0.071724	0.197480	0.442568	0.666771	
D	0.668715	0.335287	1.241578	0.006460	0.000374	0.654941	0.111165	0.001501	0.110449	0.765154	0.072119	0.743489	0.770542	0.775925	
E	0.559543	0.335287	0.368167	0.006447	0.000378	0.220359	0.220756	0.110767	0.001178	1.841084	0.399095	0.413694	0.562355	1.321608	
F	1.105370	0.662612	0.477322	0.006458	0.000390	0.874921	1.857445	0.110692	2.613740	0.759486	0.623465	0.633922	1.097130	0.885815	
G	1.433578	1.431695	3.200860	0.334278	0.109052	1.857969	0.657202	0.320900	0.001178	0.111087	0.290174	0.634282	1.534200	0.994245	
H	0.996140	0.564155	0.586012	0.110676	18.568000	0.878361	1.099290	0.110742	0.001179	0.220073	0.726893	0.197484	0.551734	0.775939	
I	0.981398	0.553656	0.585479	0.006454	0.109740	0.219836	1.200325	0.546936	0.314149	1.421366	1.817988	1.279663	0.878755	1.103156	
K	0.887040	0.335288	0.149798	0.006616	0.000374	0.656748	0.220469	0.105491	0.001178	0.108882	0.071725	0.306682	0.442572	0.666806	
L	1.214548	1.099624	1.796683	0.428809	0.000382	2.190121	2.284183	1.095442	6.683133	3.727774	5.422333	2.819985	2.297945	2.086294	
M	0.989344	0.879729	0.804902	0.115537	0.109525	1.749047	1.199880	1.852653	2.952287	0.657100	0.629046	0.743724	1.745763	0.885166	
N	0.559795	0.335287	0.804244	0.225163	0.000375	0.220550	0.321077	0.001513	0.001178	0.001847	0.290021	0.197482	0.551784	0.775929	
P	0.668753	0.878372	0.469799	0.115770	0.110733	0.110355	0.110715	7.442269	0.110431	1.422044	0.846650	3.808421	0.770914	0.885812	
Q	0.887043	0.771831	0.258986	0.006454	0.000379	0.875150	1.090446	0.547803	0.001178	0.438463	0.495172	0.753955	0.769149	0.885171	
R	1.534394	1.853447	0.593382	18.260777	0.646421	0.875435	0.562515	1.965660	0.001178	0.329800	0.290153	0.417057	0.551745	0.775610	
S	0.996129	3.599779	4.063083	0.115939	0.000410	5.444209	1.854274	0.220025	0.219009	1.413028	0.399333	1.289403	1.315894	1.103429	
T	0.777875	0.880947	1.132267	0.006446	0.000384	1.087888	1.092915	0.328999	0.001180	0.875418	0.071852	0.633557	0.770688	0.882871	
V	1.973153	1.739345	1.121480	0.006458	0.000376	0.327731	3.495972	1.092079	0.331083	3.165929	4.436985	2.695449	2.308393	2.310690	
W	1.324122	1.317831	0.695060	0.221869	0.000409	0.111101	0.547934	0.110759	0.214445	0.220154	0.507830	0.415660	1.097188	0.666776	
Y	0.887316	0.990764	0.368160	0.006447	0.341524	0.220298	0.656986	0.001519	6.439486	0.547360	1.709491	0.412492	0.552181	0.666771	
