#P42680
A	0.922225	1.208364	1.394521	0.006254	5.901519	2.582597	2.928391	3.571670	0.305925	0.068370	0.965519	1.056891	1.328985	1.037398	
C	0.544034	0.416949	0.220245	0.006118	0.003874	0.002370	0.000911	0.004039	0.011550	0.031197	0.159531	0.298296	0.455727	0.582612	
D	0.590515	0.432430	0.447719	0.021698	0.558274	0.065684	0.031193	0.615072	0.057714	0.093290	0.862612	1.047362	0.812565	0.969976	
E	0.616813	0.556479	0.437697	0.006131	0.824169	0.610379	0.312067	1.353489	0.039261	0.107055	0.718348	1.103357	0.995624	1.063092	
F	1.007805	1.047843	1.224377	0.007002	0.112321	0.458013	1.611672	0.215602	0.469356	0.092032	1.460107	0.912886	1.100834	0.944284	
G	1.473307	2.364130	4.374875	0.133560	3.112451	0.281702	0.027061	0.570643	0.344644	0.073145	1.592382	1.587675	1.147631	0.923759	
H	0.686197	0.556308	0.560514	0.058853	0.174983	0.063918	0.217826	0.252105	0.041669	0.108741	0.531744	0.700225	0.703487	0.752680	
I	1.039543	0.836249	0.622177	0.006118	0.157006	0.357136	0.738009	0.421961	3.761180	0.094035	1.063731	1.007954	1.161620	1.202399	
K	0.668884	0.540845	0.561304	0.037292	0.249481	0.622501	0.058358	0.221117	0.011557	0.031197	0.437620	0.422260	0.526945	0.660165	
L	2.119882	1.337800	1.125307	0.015000	0.695339	1.671890	6.018888	1.665601	10.009295	0.200568	1.795065	1.946852	1.802993	1.863353	
M	1.066948	0.711442	0.651974	0.006275	0.340930	5.013967	3.833744	0.795436	0.216960	0.124295	0.854048	0.878955	0.918889	1.000548	
N	0.745919	0.759329	0.672116	0.007150	0.200346	0.003205	0.000913	0.381376	0.049863	0.081748	0.685087	0.809438	0.763446	0.877046	
P	0.857046	1.171136	0.983575	0.021558	4.321228	3.526673	0.634326	4.966009	0.230525	17.925766	0.302347	0.461353	0.626318	0.784182	
Q	0.729599	0.649315	0.609556	0.049751	0.255646	1.829819	0.683204	0.671827	0.057978	0.069918	0.714356	0.800654	0.718843	0.782270	
R	1.071620	1.237155	0.924311	19.488893	0.233914	1.378483	0.121734	0.523779	0.090244	0.166794	0.795689	0.469011	0.657909	0.753124	
S	1.076626	1.707275	1.521860	0.066140	1.446446	0.341521	0.032503	1.946165	0.105074	0.130054	1.732559	1.405164	1.305410	1.310235	
T	0.869661	0.947076	0.778420	0.006599	0.484155	0.043180	0.093370	0.366361	0.394036	0.208500	1.109733	0.945656	0.853162	0.936379	
V	1.742382	1.609375	1.485334	0.020055	0.768442	0.695403	0.657401	1.200159	3.307455	0.175403	2.202416	1.993568	2.095512	1.622663	
W	1.162020	1.045199	0.552892	0.025326	0.036840	0.112149	0.449708	0.064568	0.132904	0.109321	1.069566	0.980792	1.086290	0.946290	
Y	1.008974	0.865299	0.851225	0.010228	0.122638	0.339409	1.548721	0.193022	0.362812	0.108571	0.947539	1.171651	0.937810	0.987545	
