#Q13470
A	0.961759	0.042806	0.406317	0.005138	2.306120	2.687039	0.771212	4.989016	0.004233	1.557473	0.024082	1.576505	2.343910	
C	0.961753	0.042806	0.022329	0.005138	0.003802	0.003865	0.003648	0.004620	0.004233	0.023714	0.024079	0.042895	0.042653	
D	0.961753	0.426207	0.022329	0.005138	0.003802	0.003865	0.003648	0.771373	0.004233	0.023714	0.024079	0.809779	0.809750	
E	0.961753	0.042806	0.022329	0.005138	0.003802	0.387572	0.003648	0.004620	0.004233	0.023763	0.024080	0.042895	0.426201	
F	0.961821	0.042807	0.022542	0.388351	0.003802	0.003870	0.771261	0.004833	1.538604	0.790662	0.024089	1.960172	1.960396	
G	0.961848	0.426555	1.146889	1.921098	10.748314	12.255290	0.387318	1.154875	0.360426	0.023715	1.173881	1.960148	0.782407	
H	0.961753	0.042806	0.022329	0.005138	0.003802	0.003911	0.003648	0.004620	0.004284	0.023742	0.024079	0.042895	0.042655	
I	0.961753	1.932784	0.022329	0.005138	0.003802	0.003865	0.387495	0.004620	0.387798	2.324375	0.024128	0.426332	0.042653	
K	0.961753	0.426281	0.022329	0.005138	0.003802	0.003865	0.003648	0.004620	0.004233	0.023714	0.790691	0.042895	0.042653	
L	0.961753	2.340904	0.790304	1.535280	0.387530	0.387379	13.408966	1.152132	11.511372	0.023783	0.763342	1.193296	0.809567	
M	0.961753	10.780003	0.022443	0.005138	0.003802	0.387539	0.003648	0.771427	0.771169	0.023761	1.940582	0.042895	0.042653	
N	0.961753	0.042806	0.022329	0.005138	0.003802	0.003892	0.003648	0.004620	0.387798	0.790607	0.024079	0.042895	0.426184	
P	0.961804	0.042815	0.790316	0.388355	0.771470	1.538646	1.155021	2.305255	2.302865	2.324173	0.407378	0.042895	0.042653	
Q	0.961753	0.042920	0.406317	0.005138	0.003802	0.003865	0.003648	0.004620	0.004233	0.023714	0.024079	0.042895	0.042653	
R	1.343889	1.193188	14.994889	6.902747	4.578332	1.154983	1.155027	0.771314	1.154801	0.023714	9.606529	0.426346	0.042653	
S	0.961753	0.042806	0.790271	3.070911	0.003802	0.003865	0.003648	0.004620	0.387855	1.554692	1.174009	0.426346	0.042653	
T	0.961753	1.576703	0.022329	0.388464	0.003802	0.003865	0.387435	0.004620	0.004233	9.993338	1.938038	0.042895	0.426201	
V	0.961753	0.426330	0.022329	0.361010	0.771265	0.771275	1.536140	8.028902	1.154933	0.023717	0.407384	10.749232	11.546202	
W	0.961867	0.042809	0.406410	3.071187	0.387544	0.387686	0.003648	0.004671	0.004233	0.379799	1.557310	0.042895	0.042653	
Y	1.344221	0.042855	0.022339	1.921218	0.003802	0.003865	0.003648	0.004620	0.004233	0.023828	0.024079	0.042895	0.042653	
