#P42681
A	1.506360	1.129882	1.334614	0.745736	0.000453	0.996840	0.996641	0.000337	1.558410	0.207226	0.673768	1.856602	1.577093	0.674430	
C	0.702524	0.428328	0.128074	0.057333	0.000295	0.001708	0.000418	0.000337	0.001723	0.005990	0.067161	0.147592	0.299356	0.573575	
D	0.702524	0.528873	0.128074	0.057333	0.000295	0.001708	0.000418	0.000337	1.610174	0.005991	0.675183	0.955006	0.500436	0.774594	
E	0.702524	0.428328	0.128074	0.258492	0.000295	0.504223	0.000418	0.000337	0.504500	0.106628	0.871472	0.449028	0.505310	1.176441	
F	0.903446	1.131344	1.628047	0.258442	0.000295	0.403936	0.200094	0.201727	1.406210	0.408508	0.670423	1.677477	1.297578	0.873276	
G	1.908133	2.137187	0.937605	1.564135	0.201710	0.102448	0.101218	0.000337	0.403876	0.005991	1.575023	1.155536	1.101559	0.976472	
H	0.702524	0.428328	0.328663	1.062680	0.100995	0.452276	0.000418	0.000337	0.001723	0.106618	0.268241	0.296486	0.398408	0.573575	
I	0.903459	0.629301	0.831643	0.272250	0.000316	0.102799	0.300049	0.000337	0.604964	4.681303	0.668045	1.064377	1.710598	1.884302	
K	0.702524	0.528717	0.429522	1.767559	0.215642	1.711171	0.000418	0.000337	0.403943	0.006324	0.469345	0.248126	0.399899	0.573718	
L	1.405870	1.733648	1.181661	0.353090	0.201698	1.590928	17.576279	0.206268	2.314020	9.960609	1.367064	1.554423	3.373170	2.463466	
M	1.004002	0.428328	1.146377	0.256821	0.000295	1.710695	0.604511	0.000337	0.705288	0.289239	1.171277	1.654736	0.916642	1.076106	
N	0.803054	0.442226	0.329141	0.359050	0.000733	0.202859	0.000418	0.000337	0.594763	0.005990	0.167726	0.865349	0.299356	0.878384	
P	1.103894	0.730132	0.729235	0.405976	0.324500	1.423765	0.101261	18.289312	0.418537	0.307866	4.297467	0.342179	0.500439	0.674091	
Q	0.702524	0.528773	0.630777	0.660517	0.000295	1.308945	0.000418	0.101032	0.303387	0.005990	0.770970	0.348740	0.701107	0.674104	
R	1.403267	1.936207	1.817120	9.333390	18.648198	3.920330	0.000773	0.592550	0.203340	0.009209	0.747495	0.650255	0.299892	0.774641	
S	0.927497	1.355375	1.132950	0.859816	0.201818	1.509913	0.000419	0.402896	2.387254	0.106622	1.574667	1.250827	0.801661	0.774617	
T	1.004092	1.128927	1.333912	0.258494	0.000589	0.604912	0.114369	0.101148	1.510821	0.005990	1.372247	0.848932	1.103693	0.975642	
V	1.205153	2.987099	2.954855	1.053057	0.000296	0.230450	0.000626	0.000337	4.136048	3.637317	1.572256	1.726558	2.710340	1.978793	
W	1.004107	0.830133	1.736280	0.157794	0.100983	0.504486	0.000418	0.000337	0.628448	0.005990	0.550839	1.957205	0.902607	0.975667	
Y	0.702524	0.528867	1.133375	0.258034	0.000297	2.715609	0.000418	0.101026	0.302573	0.130602	0.469332	0.950567	0.600858	0.674104	
