#Q8TF42
A	0.790400	1.299548	1.658447	0.007825	0.004047	7.215252	0.006833	2.413409	0.007025	0.005467	3.041199	0.669993	5.619603	5.109142	1.749071	
C	0.790398	0.700550	0.460578	0.007825	0.004047	0.009227	0.006833	0.007700	0.007025	0.005467	0.039446	0.069967	0.220075	0.310152	0.550560	
D	0.790398	0.700550	1.059995	0.007825	1.211328	1.209264	0.608750	1.811882	0.007025	0.005467	0.639796	1.270016	0.220076	0.909990	0.550560	
E	0.790398	0.700550	0.460578	0.007825	0.004047	0.609729	0.006833	0.007700	0.007025	0.005467	1.240147	0.069969	0.820022	0.910026	1.149816	
F	0.790398	0.700550	0.460578	1.210528	0.004047	0.009228	0.608787	0.609125	0.608861	0.005467	0.039446	1.270018	0.220075	0.310152	2.348292	
G	2.587398	0.700550	1.659411	0.609142	0.607656	0.009227	1.210737	0.007701	1.210599	0.608249	2.440749	1.270018	0.820022	0.910026	0.550560	
H	0.790398	0.700550	0.460578	0.007825	0.004047	0.009227	0.006833	0.007700	0.007025	0.005467	0.039446	1.270017	0.220075	0.310152	0.550560	
I	1.389396	0.700550	0.460578	0.007825	0.004047	0.609729	3.015628	0.007700	0.007025	0.005467	0.639761	1.270019	1.419970	1.509900	1.749071	
K	0.790398	1.299547	0.460578	0.007825	0.004047	0.009227	0.006833	0.609127	0.007025	0.005467	0.039446	0.069967	0.220075	0.310152	0.550560	
L	0.790398	1.898544	0.460578	4.216317	0.004047	1.210231	1.812691	0.007700	0.608862	6.032201	0.039446	3.070059	1.419971	1.509900	2.947583	
M	0.790398	0.700550	0.460578	0.609175	0.004047	0.009227	0.006833	0.007700	0.608862	0.005467	1.240147	1.270018	0.820022	0.310152	0.550560	
N	0.790398	0.700550	0.460578	0.007825	0.004047	0.609729	0.006833	0.007700	0.007025	0.005467	0.639796	0.069967	0.220075	0.910026	1.149816	
P	0.790398	0.700550	0.460579	0.007825	16.301392	1.210231	2.414644	9.629570	11.441878	0.608248	0.039446	0.069967	1.419970	0.310152	0.550560	
Q	1.388432	1.299547	0.460578	0.007825	0.004047	0.009227	0.006833	0.007700	0.608862	0.005467	0.039446	0.669993	0.220075	0.310152	1.149817	
R	0.790398	1.298582	1.659311	2.413230	0.004047	0.609729	0.006833	0.609127	0.608862	11.458269	0.039446	0.069967	0.820022	0.310152	0.550560	
S	0.790398	1.299547	0.460578	0.007825	0.004047	1.210231	0.006833	1.210555	1.812534	0.608249	0.639796	0.069967	2.019882	2.109773	0.550560	
T	0.790398	0.700550	1.059993	0.007825	0.607689	0.609729	0.006833	1.811982	0.007027	0.608248	1.840496	0.669993	0.220075	0.310152	1.149816	
V	1.389398	0.700550	1.659412	2.413130	1.211229	1.810697	10.239928	0.609127	1.811564	0.005467	5.442601	3.670121	2.019918	2.709547	0.550560	
W	0.790399	1.898543	3.457663	1.210528	0.004047	1.810632	0.006833	0.609092	0.007025	0.005467	0.639798	3.069993	0.220075	0.310152	0.550560	
Y	1.389398	1.299547	2.258829	7.224044	0.004047	1.210231	0.006835	0.007700	0.608862	0.005468	1.240148	0.069967	0.819922	0.310153	0.550560	
