#P15498
A	0.455178	1.647166	1.510662	0.003902	4.108948	1.377822	0.690240	5.470737	0.008212	0.004632	0.147600	1.579057	1.918820	1.408260	
C	0.455178	0.284975	0.148653	0.003902	0.009113	0.005032	0.003653	0.010614	0.008212	0.004632	0.147588	0.216439	0.557480	0.727827	
D	0.455178	0.284975	0.148699	0.003902	0.009113	0.005032	0.003653	2.739283	0.008212	0.691052	0.147588	2.262022	0.557480	0.727827	
E	0.455178	0.284975	0.148653	0.003902	0.009113	0.005032	0.003653	1.376249	0.008212	0.004632	0.828935	0.216439	1.918314	1.408260	
F	1.817287	0.284975	0.829684	0.004250	0.009113	1.376783	0.003653	0.010614	0.008213	0.004632	0.829473	0.897748	0.557480	0.727827	
G	0.455178	1.648528	2.873659	1.377210	0.009113	0.005032	0.690321	1.375124	0.008212	0.690544	2.876357	0.216439	1.918389	0.727827	
H	0.455178	0.284975	0.148653	0.003902	0.009113	0.005032	0.004001	0.010614	0.008212	0.004633	0.828967	0.216439	0.557480	1.408260	
I	0.455178	1.646801	0.829686	0.003902	0.009113	0.005032	0.003653	0.010614	8.215561	0.004632	2.193242	2.941169	1.918819	0.727827	
K	0.455178	0.284975	0.829685	0.003902	0.009113	0.005032	0.003653	0.010614	0.008212	0.004632	0.147588	0.216439	0.557480	0.727827	
L	1.136287	0.966794	0.829261	0.006559	1.375350	15.787579	0.003653	2.057495	4.796828	0.004632	2.876011	3.622054	1.918818	0.727840	
M	1.136159	0.284975	1.510161	0.003902	0.693335	0.691167	0.003653	0.692864	0.692166	0.004645	0.829473	0.897748	1.238150	1.408249	
N	0.455178	0.965898	1.510719	0.003902	0.009113	0.005032	0.003653	0.010614	0.008212	0.004632	2.193233	0.897748	0.558386	0.727827	
P	1.817195	0.965851	0.148653	0.003902	7.525547	0.005032	17.869899	1.375141	0.008213	16.481299	0.147588	0.216452	0.557480	1.408260	
Q	0.455178	0.965943	0.829686	0.003902	0.692445	0.005032	0.690750	0.010614	0.692163	0.004632	0.147588	0.216439	0.557480	0.727827	
R	3.860470	1.646396	2.191750	17.176207	1.377857	0.005032	0.003653	0.692372	0.008212	0.004632	0.147588	0.217347	0.559206	0.727827	
S	0.455178	1.646820	1.510654	0.003902	0.692443	0.005032	0.003653	1.374794	0.691657	0.004678	0.147633	0.897747	0.557480	1.408260	
T	0.455178	0.284975	1.510636	0.003902	0.009113	0.005032	0.003653	0.692911	2.745320	0.004632	0.829473	0.897748	0.557480	2.088685	
V	1.136242	2.327552	1.512612	0.003902	0.692456	0.005032	0.003653	2.057504	2.059544	0.690512	4.238901	0.897729	1.238162	0.727827	
W	2.497832	2.327059	0.829180	1.377241	2.741380	0.691176	0.003653	0.010614	0.008212	1.377048	0.147588	1.579046	1.238138	0.727827	
Y	1.136395	0.965392	0.148653	0.003902	0.009113	0.005032	0.003653	0.010614	0.008212	0.004632	0.147588	0.897748	0.557480	0.727827	
