#P15498
A	1.041477	0.859053	1.654274	1.111742	0.153798	4.600899	0.075229	0.000029	2.232555	0.470686	0.341420	1.201234	0.919903	1.126180	
C	0.642414	0.390290	0.270692	0.148716	0.012895	0.010704	0.004733	0.000018	0.003937	0.001469	0.060038	0.192699	0.358039	0.610158	
D	0.759604	0.413747	0.317607	0.664644	0.153665	0.479852	0.004733	0.000018	0.989040	0.001469	0.364866	0.966730	0.897631	0.774519	
E	0.830064	0.390290	0.481784	0.617483	0.083281	0.714420	0.028128	0.023485	0.871767	0.165797	0.271230	0.989912	1.038149	1.008889	
F	1.017681	1.211256	1.021294	0.922721	0.552510	0.127995	0.073803	0.000018	0.253657	0.537208	0.596139	0.966753	0.897426	0.821029	
G	1.533734	1.164258	1.724554	2.611038	0.646326	1.325754	0.004734	0.000018	1.293496	0.071475	0.801217	2.045052	1.076944	1.337296	
H	0.756595	0.762406	0.575602	0.805033	0.224025	0.385920	0.004733	0.000018	0.402722	0.236827	0.294619	0.474075	0.662956	0.935081	
I	0.853518	0.906198	0.810139	0.477077	0.365748	0.409466	0.074785	0.023485	0.637228	5.468638	0.458847	0.895959	0.968961	0.797734	
K	0.853522	0.460658	0.505190	0.336354	0.177130	0.503306	0.004733	0.000018	0.379264	0.048391	0.177331	0.380340	0.498775	0.703967	
L	1.017712	1.447300	1.325967	1.133840	0.830189	0.805054	19.142274	0.139487	1.833899	4.457921	0.670020	2.206428	2.398273	1.617441	
M	0.806618	1.281531	0.505256	0.852295	0.481996	0.479864	0.004833	0.046953	0.848420	0.236110	0.529207	0.591039	0.873781	0.961979	
N	0.830059	0.578072	0.575622	1.086807	0.012895	0.409497	0.004733	0.000018	0.988978	0.024926	0.341562	0.755571	0.803548	1.055819	
P	0.970859	0.859602	0.858871	0.570833	0.075039	3.316062	0.051660	19.718896	0.754547	1.405796	10.802464	0.451806	0.522097	0.750533	
Q	0.783068	0.577946	0.481766	0.429949	0.177124	0.292189	0.028189	0.000018	0.169233	0.048390	0.364985	0.755752	0.753303	0.915065	
R	1.534730	3.063607	2.287793	1.975253	13.503024	0.948992	0.004733	0.000059	1.010653	0.297794	0.341225	0.591444	0.756733	0.703978	
S	1.392915	0.789053	2.143555	1.931513	0.364715	2.660823	0.004733	0.024147	2.861856	0.071837	0.716523	1.787729	1.717099	1.493323	
T	0.900401	0.601370	1.068150	1.298225	0.270945	0.949024	0.004733	0.023260	1.012534	0.705211	0.552685	0.943268	0.874081	0.844589	
V	1.181911	1.023514	1.466597	1.532714	0.505650	1.324342	0.469032	0.000018	2.908979	5.488823	1.443917	2.043435	1.976527	1.571700	
W	1.369366	1.516197	0.927451	0.711617	0.926914	0.081037	0.004733	0.000019	0.215052	0.071852	0.436328	0.732060	0.991303	0.891484	
Y	0.923752	1.703652	0.997835	0.782144	0.482132	0.174798	0.004737	0.000018	0.332183	0.189383	0.435378	1.028714	1.014471	1.079236	
