#P15498
A	0.903033	0.841773	1.297349	2.702334	0.066795	2.302020	0.000394	0.067495	1.787204	0.155062	1.226675	0.441529	0.989849	
C	0.834416	0.635363	0.378067	0.015340	0.001527	0.001232	0.000394	0.000074	0.001246	0.001268	0.002434	0.028837	0.166881	
D	0.834474	0.926706	0.644880	0.120862	0.138545	0.884940	0.000394	0.000074	1.025491	0.001316	2.004702	0.371940	0.854106	
E	0.899537	0.762379	0.987731	0.015820	0.001527	1.509719	0.068971	0.136673	0.898831	0.001412	0.959587	0.576583	0.914243	
F	1.109220	0.967463	0.933622	0.436194	0.001533	0.138350	0.137428	0.068699	1.992754	0.001698	0.476121	1.996554	0.850887	
G	0.972974	2.118533	1.857194	3.935482	0.001530	1.108495	0.000394	0.000082	0.621384	0.118286	1.047115	1.585254	1.404680	
H	1.304016	0.730339	0.511879	0.151523	0.001671	0.207257	0.000395	0.068758	0.617318	1.335786	0.614251	0.439571	0.646303	
I	0.903014	0.904391	1.063927	0.836270	0.001814	0.794770	0.991753	0.000074	1.140609	0.001375	1.486214	1.015733	1.304425	
K	0.971608	0.772797	0.918774	0.826385	0.001527	0.673281	0.000394	0.000074	0.205976	0.070566	0.002465	0.039482	0.235452	
L	1.085588	1.082094	1.063183	1.511731	0.041304	1.855378	15.494635	0.000074	1.884423	0.001356	1.853518	3.294030	2.666738	
M	0.881614	0.908884	0.918319	0.555247	0.002420	0.883663	0.000407	0.000074	0.885716	0.001302	0.345814	0.946638	0.917846	
N	0.902828	0.771428	0.790001	0.281387	0.001527	0.611765	0.000394	0.000074	0.458226	0.002108	1.157011	0.642765	0.782320	
P	0.902861	0.636509	0.754150	0.495574	19.321966	0.751140	0.443137	19.657253	0.719552	0.073117	0.675712	0.434097	0.440762	
Q	0.834441	0.703948	0.978580	0.285064	0.001528	0.950402	0.000394	0.000074	0.257746	0.001342	0.276834	0.369994	0.460312	
R	1.394268	1.348694	1.313456	2.751402	0.003341	1.515935	0.000394	0.000074	0.166639	16.515593	0.472383	0.092482	0.301915	
S	1.040088	1.727530	1.416874	1.514240	0.001551	2.539072	0.000394	0.000074	1.439231	0.002407	1.701504	1.398713	1.659856	
T	0.972228	0.979617	0.808973	0.701194	0.001527	1.427216	0.359894	0.000075	0.542458	0.001315	1.429238	0.577813	0.714293	
V	1.514676	1.645466	1.357928	2.493912	0.405202	1.774191	2.499047	0.000074	3.281883	0.002196	1.952702	1.992603	2.531370	
W	0.904679	0.831190	0.925027	0.151977	0.001629	0.001232	0.000394	0.000074	0.960993	1.336849	1.416819	1.388835	1.107993	
Y	0.834437	0.704896	1.080087	0.218061	0.001538	0.069940	0.000394	0.000074	1.112319	0.375646	0.898903	2.366546	1.049771	
