#P15498
A	0.910694	1.357081	4.498721	0.007635	4.499529	0.908763	0.909941	2.704675	0.008514	1.806882	1.851847	0.058472	1.000058	0.553098	
C	0.910694	0.463840	0.013275	0.007635	0.013084	0.009017	0.008500	0.013141	0.008514	0.013935	0.058603	0.058472	0.104907	0.553098	
D	0.910694	0.463840	0.910302	0.007635	0.910331	0.009017	0.008500	0.013141	0.008540	0.013935	0.955225	0.955311	0.104907	1.446902	
E	0.910694	0.463840	0.013275	0.007635	2.704826	0.009017	0.008500	3.600554	0.008514	1.806882	0.058604	0.058472	0.104907	0.553099	
F	0.910720	2.251227	0.013275	0.909379	0.013084	0.009017	0.008500	1.807532	0.909916	0.910409	4.541710	1.851965	1.000059	0.553098	
G	0.910694	1.357546	2.703330	0.909835	0.910357	0.909960	0.008500	0.910472	0.008514	0.013936	0.955312	1.851965	1.895242	0.553098	
H	0.910694	0.463840	0.910347	0.007635	0.013084	0.009017	0.909458	0.013141	0.008514	0.910410	0.058603	0.058472	0.104907	0.553098	
I	0.910694	0.463867	0.013276	0.007635	0.013084	0.009017	0.008500	0.013141	1.811403	0.013935	0.955225	0.058472	1.000060	2.340701	
K	0.910694	1.357534	0.910351	0.007635	0.013084	0.009017	0.008500	0.013141	1.811318	0.013935	0.058604	0.058472	0.104907	1.446901	
L	1.803667	2.250051	0.013275	0.908638	0.013084	12.622318	0.909915	0.910351	1.810075	0.910409	3.643941	2.748655	0.104907	2.340703	
M	0.910803	0.463840	0.013285	0.007635	1.806394	0.009018	0.008500	0.013203	0.008514	0.013935	0.058603	0.058473	1.895209	0.553099	
N	0.910694	0.463840	0.013275	0.007635	0.013084	0.009017	0.008500	0.013141	0.008514	3.599829	0.058619	0.058472	0.998866	0.553098	
P	0.910840	0.463902	0.013275	15.345057	1.807870	0.909962	14.430441	2.704815	0.008515	1.805809	0.955225	0.058472	1.000058	0.553099	
Q	0.910694	1.357461	0.013275	0.007635	0.013085	0.909962	0.008500	0.013141	0.008514	0.013935	0.058603	0.058472	1.000058	2.340703	
R	0.910717	1.357534	4.498649	0.910365	0.909879	0.009017	0.909915	0.013142	13.529546	0.013935	0.058603	0.954050	0.104909	0.553098	
S	0.910694	1.357536	1.807509	0.007635	0.013086	0.009017	0.909915	0.013141	0.008514	4.496253	3.645018	1.851968	1.000058	1.446901	
T	0.910694	1.357534	0.910459	0.007635	0.013084	0.009017	0.008500	0.013141	0.008517	0.013935	0.058603	1.851966	0.104907	0.553106	
V	0.910694	0.464118	2.704298	0.007635	5.396557	3.612796	0.909915	4.499120	0.008515	0.013935	0.058604	6.335709	4.580663	1.446901	
W	0.910695	1.357728	0.013275	0.007635	0.013084	0.009017	0.008500	0.013141	0.008514	0.910409	1.851847	0.058472	1.895209	0.553098	
Y	1.803539	0.463840	0.013275	0.909836	0.910329	0.009017	0.008500	2.704725	0.008514	2.703356	0.058603	0.955219	1.895206	0.553098	
