#Q9UKW4
A	1.159876	1.075103	0.780057	3.131242	0.219835	3.079371	1.097274	2.412053	0.879011	0.438752	1.545867	0.037866	0.497041	1.678019	1.098597	
C	0.943973	0.856547	0.561429	0.069121	0.001234	0.003371	0.003030	0.002885	0.002911	0.002262	0.015348	0.037862	0.059994	0.147385	0.442720	
D	0.943973	0.856547	0.998581	0.069121	0.220477	0.441079	0.003037	0.002886	0.002912	0.002285	0.234049	0.475246	1.590516	0.804379	1.098123	
E	0.943973	1.503183	0.780009	0.069121	0.001234	0.440966	0.221879	0.002885	0.002912	0.002267	0.234049	0.475262	0.278643	0.803375	0.442720	
F	0.943973	1.076627	0.571206	0.733907	0.001234	0.003371	0.221883	0.221766	0.442502	0.002262	1.764922	2.006199	1.591238	1.240598	0.661446	
G	0.944177	0.856547	1.435687	3.788444	0.658564	0.003382	0.221879	0.657427	0.002913	0.002357	1.981903	0.476302	1.371857	0.366051	0.442720	
H	0.945655	0.856547	0.561429	0.069126	0.001234	0.003371	0.003030	0.221766	0.002911	0.221532	0.015351	0.476150	0.278298	0.147385	0.442720	
I	0.943996	0.856547	0.561458	0.725179	0.439716	1.097241	1.974778	0.221765	0.449206	0.002271	0.452744	1.131549	1.371479	1.021499	1.098574	
K	0.960296	0.856547	0.998576	0.725297	0.001234	0.003374	0.003060	0.002885	0.002911	0.878800	0.015348	0.037862	0.278635	0.366028	0.442720	
L	0.952738	1.075109	1.654301	1.401610	0.001333	4.159498	1.334426	0.668799	2.637350	1.542513	2.421034	2.880728	2.683115	4.080906	3.503274	
M	1.162532	0.865312	1.435882	0.500188	0.001234	0.876758	0.003030	0.659414	0.442944	0.669406	1.544998	0.912297	0.716961	1.021810	1.096873	
N	0.943973	1.075106	0.780158	0.287832	0.001241	0.440909	0.003030	0.002887	0.440661	0.002262	0.452752	0.037862	0.059994	0.366034	0.661110	
P	0.951602	0.856548	0.775455	0.725298	16.907785	1.098217	4.152038	9.633566	5.037002	0.878219	0.452503	0.256570	0.497291	0.366055	0.661345	
Q	0.943973	0.856576	0.561437	0.287847	0.001234	0.659694	0.003030	0.221769	0.002918	0.002311	0.452749	0.256569	0.715934	0.584718	0.661345	
R	1.158041	1.320166	1.450867	3.139232	0.658252	1.334928	2.848050	0.874654	0.439996	14.683290	0.233930	0.692484	0.278648	0.366052	0.442720	
S	0.943975	1.075106	1.435440	1.817195	0.221490	0.003381	0.438890	1.324568	1.316130	0.440508	3.089733	0.912034	1.809159	0.584813	1.974008	
T	1.162527	0.856547	0.998926	0.724457	0.220478	1.309966	0.659672	1.114471	1.097286	0.003277	0.890206	0.474999	0.715940	1.240101	0.661345	
V	1.162534	1.293667	1.661924	1.597540	0.001235	4.378326	6.145396	0.872269	6.574311	0.220797	1.984213	2.224905	2.683575	2.989736	2.408496	
W	0.943976	0.856557	0.998576	0.069121	0.001234	0.440934	0.221879	0.221772	0.220295	0.002262	2.201941	2.878915	1.151489	1.459032	1.097824	
Y	0.944239	1.075113	0.998603	0.069121	0.439721	0.221864	0.440706	0.659515	0.002917	0.002368	0.016360	3.318337	1.370191	0.366022	0.661317	
