#Q9UKW4
A	1.238534	0.203624	1.765541	0.019858	0.669503	2.974272	0.004174	0.334927	1.333121	0.140240	1.714861	1.281735	0.784454	1.149054	1.231890	
C	0.238524	0.203619	0.105913	0.019800	0.001901	0.005622	0.004173	0.004841	0.005234	0.137543	0.386801	0.618198	0.784074	0.817259	0.900154	
D	0.238524	0.203619	0.105913	0.019800	0.001902	1.665729	0.336717	1.666493	0.669631	0.801723	0.386801	0.618245	0.784100	1.147499	1.232609	
E	0.238524	0.217384	1.101732	0.352739	0.001901	1.333830	0.004173	0.004841	1.334029	1.465966	0.386801	0.618222	0.784074	0.817273	0.900154	
F	0.238524	0.534011	0.754949	1.338453	0.001901	0.337692	1.001829	0.004841	0.666838	0.137543	0.386846	1.281785	1.446540	0.817440	1.231739	
G	1.566187	0.203619	0.769866	1.682995	0.002509	1.333885	0.004173	2.002014	1.666227	0.801614	1.053193	1.611956	0.784117	0.817260	0.900154	
H	0.567962	0.203619	0.105913	0.352732	0.001901	0.005622	0.004173	0.004841	0.005234	0.469445	0.718665	1.280416	0.784597	0.817259	0.900154	
I	0.570483	0.203619	0.437811	0.685860	0.001908	0.005624	5.321829	0.337174	1.985460	1.798066	1.714284	1.281513	1.116457	1.149844	0.900186	
K	1.873696	0.203619	1.101746	0.019802	0.001901	0.669756	0.336682	0.004841	0.005234	0.137545	0.386801	0.618198	0.784086	0.817295	0.900154	
L	0.557204	0.536322	1.101749	13.639656	0.668376	0.338576	5.962327	1.984748	2.318584	5.109597	1.714306	1.614013	1.780378	1.152760	1.232189	
M	0.570513	0.522983	1.433452	0.029519	0.001901	2.332706	0.669280	0.337345	1.662765	1.119105	1.716178	1.282339	1.777825	0.817625	0.902767	
N	0.902510	0.203619	1.101505	0.019824	0.335203	0.337708	0.004173	0.337169	0.005234	0.137543	0.718666	0.618198	0.784074	0.817287	0.900510	
P	0.890921	0.869031	4.096121	0.019801	16.963097	0.668282	0.350588	7.648559	0.005293	0.470532	1.714651	0.949969	0.784075	1.480750	0.900154	
Q	0.570517	0.536281	0.437844	0.019800	0.001901	0.005622	0.004173	0.337167	0.337422	0.469575	0.386801	0.618200	0.784083	0.817259	1.231894	
R	5.225240	13.138839	1.410695	1.339453	0.336296	1.637265	0.004199	1.672194	0.006243	0.139068	0.386981	0.620475	1.115833	0.817259	0.900154	
S	0.902508	0.203620	1.434124	0.022436	0.333673	1.998025	0.339521	0.989082	0.005282	0.137579	1.363319	0.950967	1.115876	1.480611	1.230508	
T	0.570520	0.203619	0.437330	0.354020	0.001901	0.678945	0.669136	0.643415	0.005235	0.800219	0.718584	0.950391	0.784074	0.818193	0.900154	
V	1.566489	0.536325	0.426288	0.023850	0.668525	2.995052	4.637746	1.011155	4.980418	3.127419	2.377164	1.281788	1.447914	1.149481	0.902959	
W	0.570513	0.536310	0.769804	0.019800	0.001901	0.669740	0.004173	0.669493	1.336294	1.465973	0.387425	0.953220	0.786725	1.149540	0.901323	
Y	0.902107	0.536316	1.101704	0.019800	0.001901	0.006048	0.336761	0.004860	1.666220	1.133704	1.380872	0.950175	0.786644	1.149053	0.900196	
