#P07947
A	1.147270	0.887714	2.106585	1.347045	0.071811	3.955928	0.001096	0.000103	3.428547	0.419436	0.283445	1.356387	1.168738	1.307988	
C	0.675463	0.432811	0.320101	0.185924	0.007328	0.005523	0.000638	0.000012	0.000273	0.000190	0.034427	0.149252	0.324845	0.567495	
D	0.785768	0.495859	0.367311	0.429994	0.008292	0.604377	0.000639	0.000012	1.395872	0.000190	0.112519	1.003600	1.064516	0.835737	
E	0.738535	0.480039	0.335873	0.423352	0.023092	0.918811	0.000639	0.000012	1.426742	0.017579	0.193073	0.875230	1.207622	1.072447	
F	0.832595	0.966985	1.012487	1.365687	0.023645	0.037060	0.105347	0.000012	0.315703	0.204451	0.150504	0.934517	1.109106	0.885013	
G	1.876687	1.253041	1.677814	2.005602	0.823467	0.813096	0.000752	0.000038	0.767885	0.188604	0.288083	1.944456	1.195728	1.240660	
H	0.896536	0.574381	0.398453	0.406211	0.085541	0.069542	0.000638	0.030726	0.173772	0.000190	0.065894	0.522709	0.649044	0.803723	
I	0.754277	1.014316	0.603678	0.616414	0.087777	0.257852	0.022664	0.000012	0.456140	5.886259	0.290290	0.970705	0.895341	1.103764	
K	0.691232	0.535064	0.634542	0.512656	0.303368	0.413420	0.000638	0.000014	0.319026	0.031738	0.051432	0.316963	0.428035	0.646471	
L	1.298222	2.572158	1.127897	1.351318	0.385026	1.468267	19.222304	0.115011	2.567781	6.441215	0.677745	1.601167	2.138657	1.750085	
M	0.817306	1.161084	0.777314	0.737558	0.300957	0.669132	0.098131	0.000012	1.065267	0.031637	0.254977	0.914004	1.067641	0.923645	
N	0.828434	0.710551	0.587183	0.896899	0.030106	0.194962	0.000638	0.000012	0.599637	0.000190	0.175458	0.806521	0.731881	0.831877	
P	0.911655	0.902901	0.741874	0.565271	0.141326	4.740553	0.244639	19.681348	1.028337	0.536734	15.522339	0.505348	0.593820	0.633802	
Q	0.706982	0.574603	0.713025	0.607611	0.053411	0.604074	0.000638	0.015034	0.527564	0.000211	0.122746	0.590759	0.791399	0.710830	
R	1.207048	1.500966	2.767298	1.971631	16.982772	1.650909	0.020221	0.107591	0.561881	0.084318	0.129177	0.516790	0.613781	0.677784	
S	1.321625	0.909665	1.844354	1.763501	0.129634	1.775845	0.062147	0.049957	2.614314	0.031657	0.340080	1.682384	1.165227	1.371835	
T	1.015992	0.652881	0.923144	1.196195	0.088185	0.721707	0.000638	0.000052	0.915046	0.632383	0.300488	0.975353	0.976082	0.962109	
V	1.259264	1.298819	1.304109	1.518921	0.123778	0.965380	0.181894	0.000014	1.660001	5.410924	0.781250	2.598529	1.878737	1.726639	
W	1.320856	2.186570	1.091245	1.079339	0.276146	0.097267	0.034707	0.000012	0.031803	0.047474	0.049849	0.890861	0.986360	0.986263	
Y	0.914252	0.889594	0.665712	1.018870	0.054337	0.036295	0.000989	0.000013	0.144410	0.034619	0.176226	0.844463	1.013439	0.961834	
