O00623	P40855	0.813787805743	0.708610202036	0.0516206996679	0.803273093362	0.874135556034	0.0
Q7Z465	P55789	0.057594032682	0.0226899406141	0.0516206996679	0.722139422164	0.243938697698	0.0
P60880	Q16623	0.9237875149	0.813387507973	0.623379654543	0.814943379122	0.991588080987	0.0
P40227	P78371	0.775520294288	0.652767533863	0.527613892562	0.961822702893	0.989738840446	5.01064355218
P13693	P05023	0.324892843902	0.377073006651	0.143251577089	0.703411582665	0.406774805847	0.0
Q9NQT4	Q96B26	0.741463058964	0.817236693992	0.640553097534	0.817646419806	0.978717236816	1.46588762515
Q9NQT8	P78352	0.410678811376	0.347004936347	0.359698514058	0.595238717281	0.256741673769	3.14393631016
Q6ZW49	Q12888	0.191439491079	0.432542032829	0.0516206996679	0.749408925725	0.671702136057	1.33627403703
Q9BUF5	Q71U36	0.393931477179	0.652767533863	0.526580701005	0.871334720397	0.992845018327	5.6761019794
Q9NXR8	Q9NPF5	0.842681494651	0.744432784011	0.0516206996679	0.654807733073	0.95247950683	0.0
Q7L9L4	Q9NRM7	0.185386444388	0.634340225206	0.145221161737	0.685158590872	0.277682265268	2.16849944975
Q00537	P61981	nan	0.241793779013	0.108559407569	0.64564919393	0.642643422694	3.19403801178
Q07960	P61586	0.409725475218	0.344342635487	0.0516206996679	0.797044729119	0.786288831284	3.32330240508
P51671	P51677	-0.0	0.570673396075	0.0516206996679	0.736628849875	nan	3.2951881562
Q9HBM1	Q8NBT2	0.858369074593	0.8050057337	0.0516206996679	0.951963270361	0.980749502366	0.0
O00244	P35670	0.057594032682	1.0	0.799957139157	0.606034715656	0.875782184713	0.0
O00716	P06400	0.422871886816	0.341066401286	0.500403049442	0.69778556907	nan	4.37681786295
Q9HBM6	P49848	0.874108706376	0.705404531698	1.0	0.547207841584	0.98193988937	3.26453463269
P21675	P24385	0.304128422095	0.327715560858	0.365324326482	0.650629936277	nan	3.14170711241
O95257	P12004	0.100443781596	0.359006347977	0.0516206996679	0.378799257364	nan	4.13758107073
P40425	P55347	0.422871886816	0.297904749157	0.308408618446	0.734458739051	0.940466112362	0.955482874246
P29083	P35269	0.191439491079	0.705404531698	0.108559407569	0.661837423135	0.979913928651	3.05103496824
Q13838	Q13769	0.903306751618	0.887755948026	0.297026619547	0.941307137807	0.97926092254	0.0
Q12834	Q13257	0.599216488388	0.8050057337	0.0516206996679	0.954591696184	nan	4.34222638108
Q00403	P20226	0.191439491079	0.705404531698	0.365324326482	0.815014222565	0.962539178722	4.36343959795
P49789	P10809	0.244477973309	0.301076518997	1.0	0.610399687752	0.907051981104	0.0
P04259	P19012	0.494760257373	0.23389526499	0.526580701005	0.86756025901	0.992795369171	4.29769302681
P05386	P05388	0.956983803959	0.593030279976	0.477623020382	0.970163023516	0.950230297847	0.0
P05387	P62829	0.956983803959	0.593030279976	0.477623020382	0.930665677736	0.981088275037	0.0
P78347	Q06187	0.100443781596	0.217955718923	0.108559407569	0.549773047513	0.709286665814	0.0
Q9NRZ9	Q13547	0.391256844932	0.530566767892	0.197542098494	0.787388916068	0.767282532563	0.0
P10275	Q9UNE7	0.191439491079	0.289552472512	0.740093730544	0.572159344084	0.333178949868	3.14570105191
P10276	Q15788	0.440069883926	0.905072219747	0.740093730544	0.728671365596	0.821972618521	4.38052889984
P20618	P49720	0.874805218292	1.0	1.0	0.915283126662	0.987775223808	4.28800457366
Q96T60	P18887	0.191439491079	0.669240636214	0.647169542866	0.909221837436	0.984504919533	1.74946637981
Q96CA5	P55211	0.151772715712	0.453548381726	0.273642972904	0.695472931062	nan	3.96314334995
P24864	Q969H0	0.304128422095	0.433788688258	0.273642972904	0.542329303607	0.649872349119	1.7030796529
Q15369	O14508	0.185386444388	0.150799297205	0.0516206996679	0.689159145611	nan	0.0
Q15366	P11940	0.469840543365	0.429690623682	0.297026619547	0.865028907375	0.925111521411	1.45968099446
O60573	O60516	0.151772715712	0.555955787178	0.0516206996679	nan	0.403182061144	3.38831015322
O00401	Q8TF74	0.22783656183	1.0	0.57059092948	0.650650292859	0.926893211649	3.22642633425
Q9UMS4	O43395	0.507087708384	1.0	0.839307851948	0.801687735981	0.945918810578	0.0
Q9UNM6	Q13200	0.764696784216	1.0	nan	0.935180220988	0.97955555114	1.23496094298
O75436	Q9UBQ0	0.746827604567	0.753381713895	0.545735697395	0.848025826271	0.969402432346	2.98509101798
P43034	Q15102	0.190621273174	0.423834327615	0.839307851948	0.544841121928	0.967602033692	0.0
P08621	O75400	0.507087708384	0.392366587105	0.297026619547	0.691249034041	0.983053464426	0.0
Q9NVP2	Q8TEX9	0.440069883926	1.0	0.0516206996679	0.851728449055	0.871376832401	0.0
Q96CS3	P55072	0.704606861759	0.479323169593	0.544504524661	0.803331944611	0.957327344862	5.0281019492
O14908	Q9UM54	0.487768328228	0.613168791501	0.57059092948	0.662271320754	0.798079746279	-0.271871092931
Q9BVC3	P0CG13	nan	nan	nan	0.668460757454	nan	0.0
Q92833	P43694	0.191439491079	0.400203637904	0.371730801067	0.554992430073	0.322186599141	0.235306870397
Q92830	O15265	0.293049690842	0.686877523753	0.371730801067	0.573572392599	0.893105573353	0.0
P17936	P02751	0.289209631681	0.399602186987	0.376871957049	0.863448697681	0.918568813317	0.431592625336
Q92835	P19235	0.0701411784845	0.158816028816	0.0516206996679	0.719929035809	0.38673285037	1.65049195631
Q9BVC4	P42345	0.191439491079	0.916013074052	0.0516206996679	0.721398148894	0.824673267057	4.77744393357
Q9Y6E0	O43815	0.0701411784845	0.266684957315	0.0516206996679	0.790324362845	0.961146248764	nan
O43933	Q13608	0.813787805743	0.736200566531	0.476986475348	0.645698367631	0.431009507605	4.03915390281
P43320	P07315	nan	0.637333929997	0.69203364574	0.862807698602	nan	2.37457301839
P01236	P16471	0.139677508839	0.673144111972	0.0516206996679	0.763352862308	nan	4.58783967284
Q71DI3	P0CG48	0.191439491079	0.301076518997	0.108559407569	nan	0.938509211052	0.0
Q8NEM7	Q16539	0.191439491079	0.414412098168	0.0516206996679	0.733558681424	0.819742608654	0.0
P52657	P52655	0.835571587596	0.705404531698	1.0	0.657378099069	0.631345029994	0.0
P60520	Q8TD19	0.185386444388	0.32405510997	0.24880721933	0.744761809677	0.451941642004	1.92109663778
O60763	Q08379	0.768929876032	0.294072828049	0.0516206996679	0.732222238583	0.968361764475	0.0
Q14566	Q9H211	0.191439491079	0.643556639801	0.108559407569	0.929812245285	0.18793197123	1.20471194954
Q14565	P51587	0.163005080427	0.739602827137	0.113264575631	0.784476326168	0.725142928805	5.55745660781
Q15185	P08238	0.191439491079	0.561592694471	0.527613892562	0.952356150437	0.932788826608	3.03826580895
Q8WVK7	Q96BD8	0.737951649154	0.8050057337	0.524863344738	0.904175515874	nan	0.0
Q7Z5K2	Q9UQE7	0.812560604411	0.628624987512	0.0516206996679	0.913922816202	0.967158055368	3.81260760181
Q9NPF4	Q96S44	0.887760147144	0.834472829544	0.212043948552	0.747598609184	0.982710971021	0.0
Q9NPF5	Q6ZRS2	0.191439491079	0.493242731315	0.35749195395	0.638147185578	0.985797193532	0.0
Q96FF9	Q9NTI5	0.476509621255	0.728578723623	0.0516206996679	0.619165370332	0.900279293448	0.0
Q09019	O75317	-0.0	nan	-0.0	0.516182074167	0.949429769325	0.0
Q9NRF2	O60674	0.185386444388	0.352925869737	0.0516206996679	0.459873715341	0.123884338254	4.09309953423
Q13127	Q9UKL0	0.565951987115	0.708610202036	1.0	0.778619182679	0.387020033392	3.49215262637
O43242	P62333	0.726781098831	1.0	0.0516206996679	0.735945378935	0.973020447637	2.28285579621
O43791	Q13618	0.747139239766	0.389337382998	1.0	0.825837335049	nan	3.0045207829
Q9NRF9	O60264	0.679187098095	0.301076518997	0.113264575631	0.857963867691	0.963087525166	2.59626551565
Q9UPN9	O15164	0.191439491079	0.384668852292	1.0	0.876527253219	0.982958425705	5.46385244506
Q99418	P84077	0.260772124895	0.357005354634	0.192078708652	0.817357861233	0.838540056762	3.43356962754
Q9Y3Y4	O00512	0.191439491079	0.383022490539	0.0516206996679	0.697161736804	nan	0.0
Q9HAP6	O14936	0.708064918781	0.475489888128	0.0516206996679	0.622683003811	0.949448467999	3.79441063103
P15531	O00746	0.244477973309	1.0	0.697306683325	0.817046189582	0.876775859303	0.0
O43426	P49418	0.0701411784845	0.650194285595	0.0187331584839	0.656134451128	0.991569472512	0.0
P16157	Q5VST9	1.0	0.34664595583	0.335589619643	0.786033937252	0.393750301043	3.78745787545
Q7L5Y9	Q9NWU2	0.191439491079	nan	nan	0.824870885511	0.870616546181	1.90827103024
P30874	Q9Y566	0.297064756198	0.322768602128	0.345516049415	0.811322262325	0.498438209749	nan
P04626	P35222	0.708064918781	0.626775015946	0.649312703222	0.550130914019	0.936493536788	2.11288847942
Q96G23	P27449	0.214180981846	0.0326145563799	0.113264575631	0.819789267588	0.375333350113	0.0
Q00987	P49407	0.414192693104	0.578376792764	1.0	0.593060524703	nan	4.31830805685
A5YKK6	Q9ULM6	0.72333173474	0.815721456051	0.753492302507	0.873077288798	0.839947620561	4.86648327845
Q9BWU1	Q9NWA0	nan	0.0662235027739	0.0187331584839	0.636659956549	0.95518378545	0.0
O75362	Q92769	0.797815784796	0.330740714642	1.0	0.858110942921	0.871139576077	2.87236870726
P26641	Q13616	0.185386444388	0.205693984161	0.0516206996679	0.804360783687	0.489889078175	3.3007431106
Q13232	P15531	0.244477973309	1.0	0.697306683325	0.731176966151	0.819121576852	0.0
Q99460	Q9UNM6	0.764696784216	1.0	nan	0.907474572094	0.846241247353	1.23496094298
P60709	Q969G3	0.440069883926	0.580634188927	1.0	0.683174242168	0.556452714135	0.0
P10914	Q02556	0.191439491079	0.65983195874	0.342556270367	0.871663946381	nan	3.39494571939
P41143	Q5JY77	0.057594032682	0.267428737433	0.0516206996679	0.553462354127	nan	nan
Q9BWG4	Q86U70	0.100443781596	nan	0.108559407569	0.778913458675	0.869472473397	0.0
Q96BT3	Q5EE01	0.5369264431	1.0	1.0	0.536001696205	nan	1.22570699971
Q13347	P55884	1.0	0.697170888646	0.595801662123	0.872991535516	0.941654521324	2.57209542928
P12644	Q13873	0.289209631681	0.794346419882	0.208582923633	0.66316138945	nan	4.46909044479
Q06587	Q9BSM1	0.660135634212	0.744432784011	0.268422622616	0.762824973614	nan	3.27728172678
Q9NWA0	Q9P086	0.636767449818	0.237799802729	0.642357982575	0.641802439177	0.968440830028	0.0
P23588	Q14152	0.185386444388	0.554593544566	0.595801662123	0.894138702517	0.985280753391	0.634350271882
Q96RU3	P42768	0.22783656183	0.324199053749	0.839307851948	0.767253809833	0.983772200164	3.46395233083
P63146	Q9NS91	0.786044504834	0.749792771373	1.0	0.593410541219	0.817077667034	3.67617147866
P62491	Q9BXF6	1.0	0.387989423813	0.486052575143	0.589244084479	0.312102390042	3.12433742585
P15692	O14786	0.332772123962	1.0	0.490532580383	0.718241189923	nan	4.74398554483
P61006	Q01968	0.675588807234	0.528206530336	0.562305019425	0.650286592277	0.482157101652	2.3628365738
P16333	O95819	0.057594032682	0.394913155503	0.0516206996679	0.722168653408	0.615355222347	1.66710050341
Q96GY3	Q52LA3	0.565951987115	0.471191144827	nan	0.632383517962	nan	0.0
P49770	Q14232	0.81694468444	0.833434709881	0.857486590476	0.902549652821	0.9472072107	0.0
P40306	P25787	0.874805218292	1.0	1.0	0.767907831624	0.39419503481	4.42809379547
Q16186	P62195	0.615554188342	0.403264810709	0.0516206996679	0.907644943143	0.955983541203	0.0
P0C0S5	Q9Y230	1.0	0.686877523753	1.0	0.89107386698	0.949463405599	2.92811058615
O95630	Q9HD42	0.460658296757	0.338551659536	0.497697449847	0.735374677502	0.889438823684	2.68037170631
O95631	P43146	0.057594032682	0.834472829544	0.0516206996679	0.849125355986	0.816004206772	5.09450229993
P01106	Q96L91	0.191439491079	0.291945599919	0.261720178239	0.729359000362	nan	4.63334944812
Q9NQS7	O15392	0.643403515823	0.8050057337	0.0516206996679	0.861513965836	nan	0.0
P20929	Q8WZ42	1.0	0.623210694622	0.61823849856	0.904784041206	0.685646099777	3.25924480713
P33552	P24941	nan	0.486047643432	-0.0	0.866795080436	0.715327173512	2.52793776932
P48556	P35998	0.726781098831	1.0	nan	0.853931024348	0.967130920294	0.0
O15066	Q9Y496	0.887760147144	0.815721456051	0.702864885293	0.81205065489	0.983582414122	4.61885701909
P48552	O15379	0.797815784796	0.582392314024	0.670278162725	0.522958971295	0.760475223417	0.0
Q9BUE0	Q9Y3C7	0.636767449818	0.237799802729	0.642357982575	0.73574535541	0.949513630076	0.0
Q01968	P20340	0.790022968438	0.528206530336	0.197542098494	0.776125687687	0.788364354123	2.3628365738
Q7L523	Q9HB90	0.858369074593	0.74500597186	1.0	0.79305620207	0.948795545239	0.583726775992
O43264	Q9H900	0.5369264431	0.828102892358	0.0516206996679	0.872485136284	0.97672517622	2.39026154467
P05067	P01137	0.767564629511	0.584770547348	0.839307851948	0.615913292686	0.963266300286	0.0
Q9C0K7	Q15831	0.185386444388	0.600057223034	0.374035868369	0.766259750152	0.194505444733	2.29900416336
Q06609	P00519	0.393764919323	0.497814497907	0.476986475348	0.598163736813	nan	nan
Q9Y296	O43617	0.260772124895	0.25399642996	0.0516206996679	0.882141131038	0.931163575566	3.64317468352
Q9Y297	P19838	0.191439491079	0.573248919708	0.740093730544	0.686101465587	0.708053549609	4.09698348157
Q9Y294	Q13112	0.440069883926	1.0	0.491990784897	0.687531668977	0.917096316635	3.59952540197
Q9Y295	Q8WU90	0.057594032682	0.0226899406141	0.108559407569	0.899599950571	0.914851895458	0.162960310909
Q6UXN9	O15047	0.903481168232	0.717952631019	0.708740867096	0.692468217421	0.965792766334	3.11806136043
Q13823	Q9NY93	0.331502989505	0.458743820295	0.310272144301	0.810428961669	0.956936294021	1.77988767858
Q08999	Q16254	0.422871886816	0.294072828049	0.108559407569	0.554847967418	0.731936763784	4.14709779744
P49795	P04899	0.794771266108	0.280030906129	0.0516206996679	0.878701627365	0.947299200859	1.57264936401
Q96JB2	Q9H9E3	0.737951649154	0.683032720834	0.0516206996679	0.577788696165	0.963884232154	0.0
P49790	P12270	0.858369074593	1.0	0.839307851948	0.834431812529	0.984639818477	0.0
P49792	P46060	0.567422014158	0.384824625998	0.0516206996679	0.568416359382	0.985720047448	3.1005382699
P56545	Q09472	0.151772715712	0.527401970077	0.4876993324	0.723069682592	0.45862976262	0.0
Q00610	Q9UJY4	0.790022968438	0.294395741387	0.24880721933	0.655023573715	0.595539057226	1.11991693806
Q00613	P63165	0.191439491079	0.29037856381	0.108559407569	0.522160898397	0.986533117736	2.64269606352
Q15172	Q5FBB7	0.476509621255	0.254653606724	0.359698514058	0.531905702202	nan	2.09546242944
Q15375	P52797	0.255605371999	0.533832052099	0.849252133388	0.68025310085	nan	5.72978433397
Q96T76	P18074	0.973440926903	0.543083031579	0.0516206996679	0.799360443108	0.948182438852	0.995329776429
Q15370	Q96G25	0.191439491079	0.384668852292	0.0516206996679	0.781454792565	0.636809355053	0.0
O15083	O75334	0.66713618645	nan	0.0516206996679	0.804946921134	0.17565391308	0.0
Q969T4	Q99942	0.057594032682	0.620606813425	1.0	0.819531803278	0.90405051354	2.86111515644
P35251	P40938	0.87920606903	0.871608084573	1.0	0.874532290505	0.96800362198	2.69442712936
P35250	P35249	0.87920606903	0.871608084573	1.0	0.944683330982	0.985321541196	2.96278619604
Q08170	Q8IYB3	0.507087708384	0.606232603224	0.297026619547	0.935217630514	0.975568467062	0.0
Q92730	O43157	0.129717437635	0.458212305863	0.257432963616	0.713660270873	nan	2.42523439829
P01130	Q15036	0.460658296757	0.589741712233	0.104635268323	0.726322192883	0.214995665776	1.95310639016
P08631	Q8WUM4	0.469840543365	0.516565871399	0.257432963616	0.607888440361	0.681508742428	0.0
P01137	Q14766	0.383874335636	0.561592694471	0.0516206996679	0.73424813373	0.990347750653	4.93077806111
P32927	P04141	-0.0	0.461383823233	0.0516206996679	0.647965757604	nan	4.29167384515
P20138	Q06124	0.0432027283198	0.269862622205	0.0516206996679	0.507463831246	0.531317845241	3.16719168756
P00533	O00459	0.151772715712	0.916013074052	1.0	0.738667396117	0.142983256137	5.2094033109
Q9UKM9	P31943	0.551040588575	0.429690623682	0.297026619547	0.502556209936	0.982918085028	1.30245721167
Q9UMN6	P61964	0.664547575235	0.717952631019	0.708740867096	0.770944925415	0.920854283656	4.32555846947
P08700	P32927	-0.0	0.374222538373	0.0516206996679	0.554065906976	nan	4.32318592144
Q9Y6D6	Q9Y6D5	0.790022968438	0.561690261868	1.0	0.909858603454	0.983412157318	5.26630559448
Q9BZD4	Q02224	0.5369264431	0.8050057337	0.0516206996679	0.972785147301	0.653584694546	0.0
P08708	P62273	1.0	0.593030279976	0.477623020382	0.969125505271	0.804883458991	0.0
O43929	Q9Y5N6	1.0	0.435900627223	0.108559407569	0.669653532455	0.973677861346	3.20031267302
Q13002	Q92796	0.749289581732	0.615588851714	1.0	0.723580922233	0.978457534599	5.61347203858
Q8IYD8	Q9BTP7	0.737951649154	0.417232782796	0.371730801067	0.739154503109	nan	4.53059830311
Q92608	P15153	0.22783656183	0.379510272688	0.0187331584839	0.953199037632	0.979075757334	4.48716873656
Q9UH73	Q2M1K9	0.100443781596	0.268345167919	0.198933325764	0.824702801705	0.617336202715	nan
Q8TE68	P07766	0.151772715712	0.204023827159	0.815804090266	0.684662210085	0.448782914161	2.62867167513
O75886	P23458	0.185386444388	0.279937195131	0.0516206996679	0.691333284398	0.868991832896	3.5896201274
P08195	P05556	0.668516229692	0.405781090681	0.143251577089	0.67085516528	0.102885090651	0.0
P68431	P39687	0.191439491079	0.188086647087	0.108559407569	nan	0.965013127666	0.0
P17858	P08237	0.929184537297	0.878336929348	1.0	0.685085636805	0.952637954786	0.0
O43255	P63279	0.379275355027	0.384668852292	1.0	0.659560828394	nan	2.65515434088
O94979	O75340	0.764756124893	0.527401970077	0.584367478352	0.69310875705	0.963906263703	0.0
P42773	P11802	0.185386444388	0.600057223034	0.929468908513	0.73968301277	0.62947788586	1.87257200087
Q8NHZ8	P30260	0.741463058964	0.668245120675	0.0516206996679	0.788277629899	0.637225549806	3.1096217676
P30154	O00506	0.190621273174	0.341066401286	0.0516206996679	0.750378199479	0.796876188501	2.39585211775
P53350	Q13526	0.643403515823	0.539515697776	0.372876874192	0.792775718799	0.743159511635	1.08851836072
Q13131	Q9Y478	0.755018749235	0.713196381662	0.799957139157	0.622922435893	0.932584893705	1.33158305223
P46783	P62249	1.0	0.593030279976	0.297026619547	0.978542950048	0.984753371304	0.0
P46781	P08708	1.0	0.593030279976	0.477623020382	0.963976249146	0.988325563927	0.0
P61952	P62873	0.794771266108	1.0	0.431565319688	0.539229501312	0.910669926268	4.60940250334
Q9UIS9	Q13111	0.391256844932	0.126187098019	0.0516206996679	0.7625551847	0.91081422158	0.0
O95400	P14678	0.633889368881	0.83440436092	0.0516206996679	0.885074935034	0.981417232398	0.0
O95402	Q9Y2X0	0.636767449818	0.46181222802	0.4876993324	0.690878105082	nan	0.0
O43439	Q06455	0.100443781596	0.29037856381	0.670278162725	0.60270957039	0.915310434231	0.0
Q9H222	Q9H221	0.78755361189	1.0	1.0	0.817048736882	nan	4.30554484419
Q9H4G0	Q14643	0.163005080427	0.269862622205	0.0516206996679	0.451408346573	0.688295174138	3.21763841011
P19447	P50613	0.755018749235	1.0	0.714973180952	0.85914054729	0.981661030387	nan
Q8WUW1	Q9Y2A7	0.78755361189	1.0	0.804688707283	0.763708119812	0.869658540827	0.0
O75376	Q9UQL6	0.797815784796	0.573887651844	0.670278162725	0.692572789381	0.932197148293	3.39678744846
Q16514	Q15542	0.874108706376	0.705404531698	0.740093730544	0.668469142061	0.945097734168	2.96481604111
Q8NFJ9	Q9H0F7	0.780420359167	0.714845311841	0.0516206996679	0.705494981607	0.968902627722	2.24122711304
O95067	P33552	nan	0.355042550527	-0.0	0.94995103126	0.905021744018	2.89176921593
Q9H3P2	P18615	0.9237875149	1.0	0.0516206996679	0.731303335473	0.986479814811	0.0
P20823	P61457	0.191439491079	0.274110628361	0.0516206996679	0.602969041858	nan	0.0
O14936	Q9Y2J0	0.349744495138	0.475489888128	0.192078708652	0.511935187285	0.869088869281	2.76565713441
Q9BWF2	Q13077	0.057594032682	0.224136368673	0.268422622616	0.660832787941	nan	1.97264810353
Q86XR7	O00206	0.395021248758	0.702241413736	0.337695953422	nan	nan	3.65591751645
Q8WUA4	Q12789	0.81694468444	1.0	0.198933325764	0.86966022723	0.983892746142	2.94206096242
P31946	Q99759	0.185386444388	0.703533844288	0.192078708652	nan	0.757551647894	3.50362538632
Q8N1F7	P37198	0.567422014158	1.0	0.763290350502	0.908705691937	0.956850294724	0.0
P31949	P04271	0.87419767254	0.226783536281	1.0	0.555689065597	0.371180850144	5.20748905747
P31948	P34932	0.057594032682	0.152142327697	0.108559407569	0.937954798787	0.984058160605	0.0
Q96MF7	Q8IY18	0.801195862222	0.92871132796	0.104635268323	0.693689996567	0.982028636232	-0.0204800222087
P63151	P30154	0.0432027283198	0.10133910367	0.0516206996679	0.755253008685	0.97074267853	2.66925917226
P40337	Q99814	0.191439491079	0.758312462477	0.365324326482	0.513696327246	0.748621971051	0.0
Q14919	Q01658	0.100443781596	0.330740714642	1.0	0.798576139377	0.912925695952	1.22570699971
P37088	Q96PU5	0.190621273174	0.745956945489	0.0516206996679	0.770435278194	nan	0.0
P60953	P41743	0.511392400458	0.785061907144	0.245644121197	0.736070535658	0.519001871137	3.59304256581
P22570	P49789	0.244477973309	0.19946958265	0.113264575631	0.579910465113	0.910616703412	0.0
Q12770	Q9Y5U4	0.251759994337	0.799867395662	0.0516206996679	0.489057540717	0.380905347743	0.0
Q9Y5B9	P16104	0.322306247091	0.496267885098	0.108559407569	0.756925036043	0.922336454668	4.46828991124
O15530	Q16513	0.282872737094	0.8050057337	0.324934946398	0.840911682068	0.800311474605	4.09262818828
Q9UNE2	P20336	0.587736873882	0.504244579929	0.540509534656	0.692447514965	nan	2.59240126343
Q7Z589	P83916	0.191439491079	0.16341796048	1.0	0.798832137076	0.923041086433	2.75122676
Q00978	P52630	0.191439491079	0.65983195874	0.281579282395	0.906835211152	0.907295908656	1.78505909978
P09936	Q92905	0.191439491079	0.523328256824	0.57988098278	0.579620704809	0.921728312736	0.0
Q9H668	Q86WV5	1.0	nan	0.622418387641	0.789740436155	nan	3.49440811509
Q9BPX3	Q15021	0.81694468444	0.736200566531	0.0516206996679	0.932056671841	0.517124862381	0.573852829397
Q9H0C5	P11387	0.57352323675	0.0662235027739	0.0516206996679	0.63689416594	0.726564681047	0.0
Q8WZA2	Q9UQ26	0.151772715712	0.615588851714	0.562305019425	0.721265545452	0.977044262422	2.36282010091
Q9HC52	P35226	0.802993583931	0.627136364776	0.0516206996679	nan	0.958767768164	3.24813164879
Q9C086	Q9ULG1	1.0	0.465915741646	0.104635268323	0.731066773191	0.961307616689	0.0
Q13586	Q96D31	0.255605371999	0.536067962193	0.839307851948	0.856306782715	0.90923807829	3.17623300691
P21333	O75369	0.487768328228	0.415456247376	0.839307851948	0.80537386047	0.88976833902	5.00667069368
Q9NZJ0	Q16531	1.0	0.749792771373	0.0516206996679	0.747385683617	nan	3.04747144641
O95931	P35227	0.802993583931	0.344167575336	0.371730801067	0.668174022552	0.959351899934	3.24813164879
P51610	Q13105	0.191439491079	0.268345167919	0.281579282395	0.821961509167	0.64020510989	nan
P51617	O43318	0.395021248758	0.813100614769	0.483536569039	0.593178354185	0.827848834946	3.49857884389
P08865	P46781	1.0	0.593030279976	0.477623020382	0.962114731158	0.979142992282	0.0
Q96IZ0	O43293	0.100443781596	0.34664595583	1.0	0.65395968599	0.726140627733	0.0
Q06124	P06213	0.151772715712	0.646821924009	0.753492302507	0.573436660514	0.66203394484	5.18509971255
Q8N264	P21333	0.469840543365	0.394913155503	0.0516206996679	0.511662115289	0.334912965217	3.90619390208
P15374	Q15843	0.190621273174	0.357005354634	0.0516206996679	0.890673573289	0.836989677853	0.0
Q9ULG1	P25490	1.0	0.587854543439	0.108559407569	0.881274687255	0.971346689058	2.640945718
Q02241	P62330	0.643403515823	0.338551659536	0.316340044308	0.753931161485	0.711800493968	2.80515714226
P78364	O00257	0.802993583931	0.627136364776	0.371730801067	0.650615992231	0.809603066822	0.0
P23025	P07992	0.398929680652	1.0	0.647169542866	0.83578357411	0.954833499659	4.65910942019
Q9UL51	O60741	0.255605371999	0.754655706488	0.982840013832	0.775794122495	0.986833871568	5.39608288227
Q12983	P10415	0.492258443474	0.824403903667	1.0	0.549884020523	0.186140578069	0.0
P38398	O15360	0.191439491079	0.370089704112	0.0516206996679	0.864272227074	0.829900104505	0.0
P28482	P01100	0.318221733278	0.916013074052	0.365324326482	0.70119821925	nan	2.5192626164
O75410	O14965	0.349043531038	0.497814497907	0.0516206996679	0.389388313333	0.907372455585	0.0
P37108	P49458	1.0	0.518453040193	0.786229885714	0.929274147822	0.939484041163	3.94478820982
P62829	P62913	0.956983803959	0.593030279976	0.477623020382	0.966651166158	0.980308887274	0.0
P56524	Q96ST3	0.797815784796	0.573887651844	0.937048128116	0.748259246826	0.962543398749	3.89448143512
Q5XPI4	Q9BSL1	0.057594032682	0.384668852292	0.0187331584839	0.888142426744	0.845960762273	1.11147387966
P62826	Q9HAV4	0.929184537297	1.0	0.786229885714	0.945503558723	0.925331120705	2.22276973411
P18615	Q8WX92	0.9237875149	0.705404531698	0.0516206996679	0.900871923159	0.983395203207	0.0
P01589	P14784	0.449892432675	0.834472829544	0.887060795027	0.880554993583	nan	3.15795196644
Q9BXW9	P49959	0.322306247091	0.628624987512	0.0516206996679	0.84740792549	0.939927651841	0.0
Q9Y4W2	Q8IZL8	0.77272173598	0.120825604238	0.297026619547	0.861292655142	0.990222040716	0.0
Q8TCJ2	P04843	0.764756124893	0.54295082309	1.0	0.818840414689	0.958237657131	0.0
O95983	Q8WXI9	0.440069883926	0.580634188927	1.0	0.660450681442	0.961772010815	0.0
Q9Y6G9	Q14204	0.66713618645	0.455079642969	0.552122949781	0.732017535407	0.969783728655	0.583726775992
O15344	P62837	0.185386444388	0.280312552532	1.0	0.585988656524	0.715253826872	2.86111515644
P43307	P27824	0.305487623298	0.278911970556	0.0516206996679	0.958045571514	0.977292267585	0.0
P08514	P05106	1.0	0.593623222451	0.839307851948	0.950763049631	0.99327861302	6.0243203388
P08047	P14859	0.191439491079	0.44957309215	0.857257129852	0.760436987076	0.964488770433	3.88316603897
Q9BZK7	Q13227	0.565951987115	0.330740714642	0.670278162725	0.575763050729	0.779959591142	3.20957419113
Q9Y6I3	Q00610	0.759614562328	0.324199053749	0.0516206996679	0.484205777134	0.938712437359	0.0
Q53GL0	Q9HCE7	0.131591701596	nan	0.0516206996679	0.567326567542	0.528324631031	1.33260961065
P46060	P61956	0.100443781596	0.168109102971	0.0516206996679	0.666773395825	0.971831055132	1.72648460019
P01100	P05412	0.422871886816	0.916013074052	0.905431409817	0.947369919019	nan	3.96585254901
P68400	Q99496	0.660135634212	0.294072828049	0.212043948552	0.698340528741	0.953074153869	0.117674937855
P42766	P61254	0.956983803959	0.593030279976	0.477623020382	0.965012359039	0.988928183527	0.0
P22087	P17844	0.33564169504	0.490567045129	0.297026619547	0.68649851103	0.966887767837	0.0
P68371	Q13885	0.443736383579	0.652767533863	0.526580701005	0.91289328827	0.993025248128	5.6761019794
Q9UHD2	Q96CV9	0.324892843902	0.44527719936	0.0516206996679	0.765497236969	0.92688339664	2.21292834055
P53618	Q9UBF2	1.0	0.868727051833	0.335589619643	0.584602356479	0.961283999751	5.36405010283
P61964	Q9UPS6	0.903481168232	0.717952631019	0.708740867096	0.717659200879	0.853963533871	3.11806136043
P18124	O00567	0.33564169504	0.488153815607	0.297026619547	0.828579283479	0.887276017217	0.0
Q14126	P14923	0.822071772638	1.0	0.815804090266	0.78937254014	0.876136321004	3.83266474386
P61962	Q13233	0.057594032682	0.161534631512	0.0516206996679	0.680766098344	0.27529403952	-0.270387341466
P15408	P17275	0.191439491079	0.734451084336	0.518668975558	0.922202631022	0.476079085144	3.96585254901
P61968	P38398	0.151772715712	0.356019270248	0.342556270367	0.506537187619	0.635360819645	0.0
Q8WV28	P11912	0.131591701596	0.521350353297	0.0516206996679	0.872471782018	nan	2.86260059906
Q8WV22	Q96MG7	0.801195862222	0.627136364776	0.0516206996679	0.828233326083	0.980529439522	0.0
O94817	Q9NT62	0.151772715712	0.720294497276	0.887060795027	0.866466853397	0.638985610563	3.99863102461
Q14653	Q92793	0.191439491079	0.554593544566	0.4169067574	0.609427812355	0.934974365916	4.71338159904
O43681	Q7L5D6	0.057594032682	0.973233939856	0.0516206996679	0.70841420913	0.982493313133	0.0
Q13216	Q9UNS2	0.191439491079	0.402029386682	0.0516206996679	0.796121154005	nan	1.94395710817
O43684	O43670	0.5369264431	0.677521275263	0.0516206996679	0.892341945888	0.973486542975	2.06379280182
Q99684	Q9Y6X2	0.100443781596	0.16341796048	0.268422622616	0.549707722546	nan	0.0
Q99683	Q12933	0.858369074593	0.728578723623	0.839307851948	0.468400713558	0.902215438524	4.17021313767
Q05655	P06241	0.244477973309	1.0	0.606409176463	0.534902849867	0.960885542903	4.06712968099
Q99689	Q05513	0.410678811376	0.386131477299	0.372876874192	0.581129223782	0.790525978719	0.0
Q14019	P09917	0.432286011703	0.673144111972	0.0516206996679	0.867748430512	0.736528346799	0.0
O14929	Q16695	0.440069883926	0.517505127367	0.0516206996679	0.556500223186	0.880659499741	3.55860031318
Q9GZS3	Q6PD62	0.862256989933	1.0	0.0516206996679	0.851360534232	0.577282093526	2.81460795837
Q9GZS1	O15160	0.794192778219	0.851949400681	0.801671882124	0.860914201456	0.993307149076	0.0
Q9ULZ3	Q96P20	0.801195862222	1.0	0.0516206996679	0.712731863278	nan	2.93595000705
Q9Y5Q9	Q8WUA4	0.81694468444	1.0	0.198933325764	0.839653963046	0.9837046064	2.77692256624
Q9Y5Q8	Q9UKN8	0.81694468444	1.0	0.198933325764	0.812889442337	0.985345643533	1.57461576637
Q16478	O43424	0.749289581732	0.724815226977	0.756791342556	0.874706059737	0.907692780719	4.92445919382
O60237	Q14005	0.100443781596	0.120785733017	-0.0	0.750031309654	0.262311719093	1.54050496873
P41091	P05198	0.190621273174	0.427307942287	0.595801662123	0.845034701709	0.982729657858	0.483098725471
P40855	P56589	0.813787805743	0.815721456051	0.0516206996679	0.816621550802	0.822734397699	0.0
P78560	Q9HB75	0.100443781596	1.0	0.0516206996679	0.53232534904	nan	2.12086369723
P80294	P58062	-0.0	0.142079677533	0.0516206996679	0.570533847316	nan	0.0
O95613	Q9NRI5	0.551040588575	0.540303465963	0.0516206996679	0.598710697381	0.773867060429	0.0
Q15691	Q99661	0.814782840914	0.8050057337	0.849425774119	0.832426978541	0.867782391472	0.194303387536
P48059	Q15404	0.469840543365	0.572453142525	0.0516206996679	0.871100126799	0.992222742081	0.0
P48058	P05129	0.43796331204	0.322768602128	-0.0	0.819600494266	0.991262647433	0.0
Q16890	P55327	0.393764919323	0.0326145563799	1.0	0.591789567796	0.651345139827	0.0
P12755	P12757	0.191439491079	0.566032857956	0.75147079232	0.744777967148	0.466184392284	0.0
Q3SYG4	Q9BXC9	0.780420359167	0.714845311841	0.0516206996679	0.856451641683	0.981356403127	4.73928987444
Q14839	Q86YP4	1.0	0.16341796048	0.308408618446	0.821322858063	0.972131868922	1.36109415085
O60941	P46939	0.349744495138	nan	0.268422622616	0.600681121473	0.897276515655	2.8364307961
O14745	P09619	0.466083943431	0.745429155118	0.508698006253	0.500427461692	0.148824556167	2.5162979241
Q7L2J0	Q4G0J3	nan	0.120825604238	0.297026619547	0.640665669283	0.981392191813	0.478358763892
O14746	Q96BK5	0.657179658737	0.763003724303	0.928743295238	0.780861316044	0.748951010208	0.0
P13807	P46976	0.185386444388	0.595620330127	0.786229885714	0.79211778318	0.832282002318	0.0
Q8WTR2	O14733	0.057594032682	0.671236347669	0.682235597745	0.627416695167	0.798090007486	1.66352301845
P50402	O75531	0.163005080427	1.0	0.0516206996679	0.794619540769	0.64040149629	0.0
Q9BSQ5	Q9BUL8	0.057594032682	0.510392356327	0.0516206996679	0.587615641576	0.934513233877	0.0
Q9UBN7	Q14247	0.42250531835	0.476751840324	0.0516206996679	0.71014562263	0.661759608096	0.290296066793
P31150	P62820	0.260772124895	0.528206530336	0.0516206996679	0.512888254311	0.813003764326	3.35133991404
P18074	Q13888	0.78755361189	1.0	0.714973180952	nan	0.352645583448	5.00631686893
P52803	P29320	0.251894865798	0.662841975951	0.0516206996679	0.734894654527	0.657816685501	5.72978433397
Q15233	P23246	0.87920606903	0.657290051583	0.500403049442	0.877211898773	0.989732173421	3.23808224443
P48681	Q00535	0.22783656183	0.482630458217	0.0516206996679	0.618887318207	0.764231492356	0.0
Q9H2L5	Q13188	nan	0.10133910367	0.0516206996679	0.600385537295	0.915329326079	3.53784194991
O00186	Q12846	0.737951649154	0.657290051583	0.51044044957	0.586595526535	0.869100895078	0.0
P21796	P68363	0.190621273174	0.164387944103	0.24880721933	0.878177337474	0.885031480831	0.0
P14921	Q9UER7	0.191439491079	0.234135003592	0.24880721933	0.707353024941	0.981870139926	0.0
Q07666	P16333	0.151772715712	0.714845311841	0.593805449991	0.823835042709	0.748312601165	0.0
O60832	Q96HR8	0.752467372777	0.708610202036	0.297026619547	0.771658478666	0.941548663213	0.0
O95352	Q9H0R8	0.685297079599	0.720294497276	0.365324326482	0.636619711104	0.719995259003	1.986154474
Q92994	Q9Y5Q9	0.801195862222	0.980564370017	0.0516206996679	0.521693678394	0.970430365585	0.977452860709
O00459	P42336	0.699181047605	1.0	0.902875754883	0.384753523061	0.772236365945	4.96449862133
O95197	Q9NQC3	0.251759994337	0.811211935521	0.0516206996679	0.880826528162	0.983732396928	0.0
O14593	O00287	0.100443781596	0.268345167919	0.4169067574	0.691472574107	nan	0.0
Q9NVA2	Q15019	0.381687602807	0.338551659536	0.419503665249	0.833987852414	0.962170656792	4.14262381046
Q9BV68	Q9Y2X8	nan	0.620606813425	1.0	0.710286323993	0.303548092049	2.18949831497
P62837	Q9NYG5	0.464476303653	0.457683524165	0.543726781028	0.879690458906	nan	2.18949831497
Q05586	Q12879	1.0	0.914348810058	0.846552421692	0.867345433611	0.992274407698	4.92445919382
Q969H0	P46531	0.260772124895	0.557336315472	0.281579282395	0.721410416348	0.261098699662	5.15462771031
Q12769	P57740	0.764756124893	1.0	0.728700434395	0.900678259928	0.982628968048	nan
O95999	Q9H257	0.185386444388	0.842126381186	0.0516206996679	0.571676708793	0.622426091945	2.10208597315
P53999	P33240	0.151772715712	0.142521928727	0.297026619547	0.774403778915	0.947193977684	0.0
P53992	Q15436	1.0	0.98000869659	0.268422622616	0.599342105691	0.946935092005	1.62932519242
Q9UKK6	Q9H4D5	0.191439491079	0.540691114154	0.0516206996679	0.491922695681	nan	3.52234175008
P78371	P62714	0.293049690842	0.11999153746	0.104635268323	0.81628402627	0.967761588396	0.0
O15357	P22681	0.185386444388	0.324199053749	0.512212936489	0.679586221903	0.953276821174	3.89939395549
Q9GZN1	P0C0S5	0.163005080427	0.0114820724314	0.0516206996679	0.893278585105	0.730662364089	0.0
Q8IX07	P15976	0.565951987115	1.0	1.0	0.85943123694	nan	3.45595766252
Q9BXL7	O95999	0.874108706376	0.916013074052	0.0516206996679	0.457664929846	0.973951204253	2.87202262721
Q99836	P58753	0.185386444388	0.763184157504	0.839307851948	0.680830053883	nan	2.78989510108
P78559	Q9H492	0.443736383579	0.469995226543	0.524863344738	0.82051900132	0.976631549791	3.00906264417
O60716	P19022	0.689742286581	0.515635115602	0.24880721933	0.551560344728	0.59127505101	4.08923728826
P43487	P62826	0.392853207362	0.318729374023	0.0516206996679	0.953492088125	0.959206319083	2.34585911769
P78552	P35225	0.129717437635	0.67991300751	0.0516206996679	0.488857825356	nan	4.209251573
Q9NRW7	Q9H1K0	0.395021248758	0.352925869737	0.0516206996679	0.760392542542	0.872081443169	0.0
P32942	P26038	0.190621273174	0.328914965864	0.471428273379	0.822830236385	0.960695681578	2.61588730678
P43005	O75915	0.251759994337	0.682093041855	0.0516206996679	0.608977690369	0.202983938441	0.0
P42574	Q13489	0.191439491079	0.453548381726	0.398679500414	0.780936952437	0.786586093658	4.05315765272
P68366	P00533	0.163828195975	0.375637897595	0.245644121197	0.536524021486	0.700282456229	0.0
P68363	P27986	0.151772715712	0.237118073237	0.24880721933	0.416482000956	0.296188893134	0.0
Q9NPI6	Q6P2E9	0.57352323675	0.817236693992	0.0516206996679	0.755969900682	0.975301510163	3.56283373875
P54578	O00231	0.615554188342	0.354267798738	0.0516206996679	0.923062966812	0.93186658763	1.48696008324
Q9H9H4	Q99816	0.83462462316	1.0	0.584367478352	0.723017650801	0.929919167946	0.0
Q92572	O14617	0.547325083959	0.806669897616	0.268506099433	0.569501943021	0.887828821861	3.32155264472
Q92574	P31946	0.185386444388	0.713196381662	0.0516206996679	nan	0.537834371384	0.0
P42680	Q99704	0.185386444388	0.312630939073	0.257432963616	0.655504608046	0.962728973978	2.69243110995
Q9HAU4	Q9Y3C5	0.523200219279	0.520403765924	0.543726781028	0.785244010875	0.565475952114	0.0
Q9HAU5	Q96Q15	0.185386444388	0.600117925444	0.244817701945	0.875048334899	0.931629552897	2.71955370538
P52756	O43143	0.482779386833	0.429690623682	0.297026619547	0.834417782807	0.976471266258	2.65607212245
Q05397	P29317	0.689742286581	0.788811887437	0.490532580383	0.68038146926	0.649029048708	4.8202958552
Q14247	P61158	0.802633773464	0.8050057337	0.0516206996679	0.586240110637	0.428438816468	0.0
Q14242	P16109	0.255605371999	0.813100614769	0.0516206996679	0.824932783487	0.479721822077	4.0582472514
Q8N6P7	Q9GZX6	-0.0	0.230249048688	0.0516206996679	0.812755033851	nan	4.0028834283
Q13200	Q16186	0.615554188342	0.403264810709	0.273642972904	0.931122932779	0.824261191615	2.09546242944
Q8IVH2	O15409	0.100443781596	0.46254338006	1.0	0.592781212549	nan	3.98062186056
Q8N163	Q96EB6	0.440069883926	0.711771639229	0.261720178239	0.596974907725	0.925688123924	4.49522515485
Q86YB8	P07237	0.287356020951	0.858620379864	1.0	0.51353204521	0.812994243806	0.0
P62820	Q8TBA6	0.369789306179	0.588749747856	0.0516206996679	0.914308504513	0.635459334395	0.0
P54198	Q9Y294	0.440069883926	0.953386602806	0.371730801067	0.830874941183	0.786034029905	3.90921482371
Q96F46	Q16552	0.139677508839	0.898527674231	0.0516206996679	0.603857423193	nan	0.0
P62280	P46783	1.0	0.593030279976	0.297026619547	0.95537901178	0.988381301435	0.0
Q9UHI6	P62304	0.716738149186	0.83440436092	0.108559407569	0.907548984904	0.871892262047	0.0
P25787	Q15008	0.571963433676	1.0	0.197542098494	0.936290269672	0.971753617968	0.0
P25788	P49721	0.874805218292	1.0	1.0	0.877848881183	0.983886476544	4.42809379547
Q9NYJ8	P51617	0.395021248758	0.640391841986	0.104635268323	0.474024438208	0.449882038199	2.71118375038
Q96EV8	O95295	0.786044504834	0.806669897616	0.0516206996679	0.827518218967	0.975150536554	0.0
P17275	Q16520	0.100443781596	0.407062699958	0.308408618446	0.713965580739	0.934618712488	3.96585254901
O95602	P62875	0.794192778219	0.851949400681	0.801671882124	0.725548353215	0.978775330884	0.0
Q9H9Q4	P49917	0.933393205716	0.673144111972	0.198933325764	0.655445447532	0.861489950111	4.2764751801
O15519	Q07817	0.185386444388	0.534943931184	0.345516049415	0.694416379085	0.330862856565	2.61100767236
P09914	O14879	0.185386444388	0.65983195874	0.0516206996679	0.984987239767	0.932932143113	3.39812452182
O15514	P19387	0.710544427614	0.705404531698	0.657855508746	0.867725087457	0.383715401988	4.18300670564
Q6ZNE5	Q8NEB9	0.835571587596	0.664911894491	0.0516206996679	0.792161488835	0.830184394717	3.35920635125
P63220	P23396	1.0	0.593030279976	0.477623020382	0.961538907048	0.954183580017	0.0
P11142	O95817	0.185386444388	0.561592694471	0.306578272862	0.727913989931	0.19254220618	0.0
Q96EK4	P51610	0.191439491079	0.16341796048	0.0516206996679	0.788930594295	0.983550736166	0.0
Q8TBB1	P49757	0.057594032682	0.11020707581	0.0516206996679	0.665249212658	0.511077183489	2.02572827469
Q13769	Q8NI27	1.0	0.886273965747	0.244817701945	0.594170081064	0.98986173361	0.0
O14776	Q15637	0.163005080427	0.287113279603	0.670278162725	0.7944508306	0.986150064174	1.43558515349
P61088	Q13049	0.185386444388	0.501785949376	1.0	0.844680826338	0.373297466603	2.86111515644
Q13564	P61081	0.185386444388	0.916857023141	1.0	0.654290005365	0.805768155909	0.0
Q13563	P98161	0.929184537297	0.934854956561	0.545735697395	0.534576402723	0.745014860498	6.33443465433
Q9BUJ2	P52597	0.33564169504	0.429690623682	0.297026619547	0.770918114696	0.961477971895	1.16995664417
P62263	P61247	1.0	0.593030279976	0.477623020382	0.969198436652	0.988754367493	0.0
Q96IJ6	Q9Y5P6	0.190621273174	1.0	0.49497075281	0.91445383704	0.967500394376	0.0
Q13618	Q14790	0.304128422095	0.41865384628	1.0	0.724338163363	0.582088838822	nan
P78318	O15344	0.393931477179	0.497814497907	0.24880721933	0.561936506603	0.545715963705	0.0
P25024	P09341	-0.0	0.587854543439	0.0516206996679	0.79590199261	nan	3.69161056459
O00192	P55291	0.129717437635	0.453042986047	0.0516206996679	0.900212251876	0.606006463846	3.58250182545
Q15223	P55196	0.608846404311	0.515635115602	0.471428273379	0.827971363728	0.855489251776	1.73240051814
O00194	Q96C24	0.570279827999	0.799867395662	0.104635268323	0.811346689724	0.992836124679	2.08218382248
P49720	Q9Y244	0.191439491079	0.0114820724314	0.0516206996679	0.921620732064	0.549163727255	0.0
P07195	P00338	0.244477973309	0.532732064998	0.834547055264	0.848999578351	0.899577068039	1.93882286461
Q71U36	P07437	0.505900693806	0.518453040193	0.526580701005	0.825338688129	0.993091726843	5.6761019794
P05109	P06702	0.289209631681	0.92871132796	1.0	0.987082105902	0.992819271646	5.67505832378
O00330	P10515	0.401815892841	1.0	0.436153580755	0.935834071069	0.991461320169	6.05216363104
O60828	Q9Y2W2	0.507087708384	0.392366587105	0.108559407569	0.851500726493	0.983560877463	0.0
P04629	P08138	0.332772123962	0.954656509125	0.878395671278	0.795328322604	nan	4.61510152318
O95166	Q14596	0.685297079599	0.53164371819	0.0516206996679	0.7979513537	0.586191333908	3.53229293918
Q9GZV5	P62258	0.185386444388	0.634340225206	0.740093730544	0.563589744	nan	2.79700158303
O95163	Q9H9T3	0.81694468444	0.705404531698	0.966660453582	0.836153538641	0.977320466097	0.0
O43542	O43502	1.0	0.584770547348	0.878395671278	0.645842334867	0.577029117716	4.43203368713
Q9BRP4	O00487	0.615554188342	0.318729374023	0.0516206996679	0.824850807597	0.962453973234	1.06800833977
Q12962	P21675	0.679661867014	0.705404531698	0.586187024871	0.458337405003	0.898771555811	3.47158629082
Q96CW5	P23258	0.973440926903	0.714845311841	0.526580701005	0.780312963908	0.984915465066	4.15208697211
Q9P253	Q9H270	0.746129221737	0.285617647619	0.542085549652	0.782149331486	0.985518589895	0.0
Q96CW1	P63010	1.0	0.657290051583	1.0	0.907024266281	0.985900434919	3.37947676474
Q96RL1	Q9NWV8	0.78755361189	0.686877523753	0.0516206996679	0.72549677142	0.944365857029	0.0
P15880	P62081	1.0	0.593030279976	0.477623020382	0.973497269447	0.981811059343	0.0
Q9BXS5	O43747	1.0	1.0	0.0516206996679	0.663490037163	0.893619189118	3.02375308031
Q03135	P35354	0.565951987115	0.671267200358	0.839307851948	0.753553897904	0.570928293419	3.0844812249
P20783	Q16288	0.057594032682	1.0	0.83351513171	0.844809763828	nan	5.43226529434
P28799	O60563	0.0432027283198	0.205693984161	0.244817701945	0.435818297313	0.474922077692	0.0
P35611	Q92598	0.22783656183	0.479323169593	0.31475641821	0.510574554402	0.982511447524	0.0
Q9Y244	P25789	0.191439491079	0.0114820724314	0.0516206996679	0.95861191129	0.698619478606	0.0
O15164	P45973	0.440069883926	0.29037856381	0.597837405767	0.736925033964	0.979735557988	4.07966594235
Q16629	P38919	0.191439491079	0.538573079205	0.297026619547	0.879614859467	0.983826707311	3.56627286097
Q99828	O14746	0.191439491079	0.440705432767	0.145221161737	0.484810558361	0.829357154222	0.0
O75506	Q9Y3C0	0.22783656183	-0.0	0.0516206996679	0.90160760836	0.52379301203	0.0
Q9UKV8	Q9UL18	0.81694468444	1.0	0.786229885714	0.769548427916	0.989717318037	5.39197811072
Q9Y4K3	Q9HAV5	0.255605371999	0.603558961025	0.0516206996679	0.604225362888	nan	3.05514579542
P27797	P30101	0.794626990444	0.774020256182	0.297026619547	0.880862318571	0.984020918809	0.0
Q9Y6K1	O75925	0.191439491079	0.369864900058	0.212043948552	0.585693012552	0.8163533809	0.0
P60568	P31785	-0.0	0.239619055162	0.0516206996679	0.691476806945	nan	4.15130827933
Q4VCS5	P35240	0.87419767254	0.634340225206	0.0516206996679	0.702575667263	0.722582930855	0.0
Q9Y6K9	O15111	0.764756124893	0.916013074052	1.0	0.406768974998	0.916318654793	3.25284128927
P35609	P22460	1.0	0.677521275263	0.31475641821	0.849053555696	0.545067098823	4.28882005069
Q92747	O15144	0.879596867575	1.0	0.758510256297	0.774598681456	0.329015205334	2.79184065698
O43809	Q16630	0.945833202502	0.628624987512	0.545882384953	0.926103551477	0.966221033291	2.12589010387
Q13162	Q06830	0.289209631681	0.446216455327	1.0	0.890226298802	0.968004888438	3.99780690096
Q13164	Q13163	0.185386444388	1.0	0.374035868369	0.738378862776	0.663194458866	3.47672771587
O43752	O15400	0.643902853246	0.521350353297	0.623379654543	0.826391790378	0.908185674952	0.0
Q9NPJ6	Q9BTT4	0.636767449818	0.46181222802	0.642357982575	0.778813338077	0.929092014502	0.0
Q9H410	O95229	0.5369264431	0.8050057337	0.0516206996679	0.899397197407	0.755558121499	0.0
P52566	P60763	0.22783656183	0.357005354634	0.431565319688	0.516626563908	0.958078855142	0.900156708172
P61981	Q7KZI7	0.0843300250393	0.37328967199	0.487676794118	0.607368551486	0.631525143737	3.19403801178
Q5VTR2	O75150	0.941213221031	0.857422655921	1.0	0.568762273749	0.989781107318	2.3729229703
Q9UIV1	A5YKK6	0.72333173474	0.758312462477	0.753492302507	0.808786812127	0.943625300122	0.0
P19438	Q92636	0.165118719874	0.34664595583	0.224212534926	0.660937967112	nan	0.0566304853044
Q68CP9	Q96GM5	0.100443781596	1.0	0.0516206996679	0.624787045697	0.956910758315	0.0
Q9H0Y0	O94817	0.057594032682	0.550611841633	0.212043948552	0.752056664983	nan	2.90001873594
Q6P2E9	Q8IU60	0.57352323675	0.817236693992	0.0516206996679	0.647687383645	0.772922855159	0.0
Q86YC2	Q9UBU8	0.191439491079	0.584770547348	0.0516206996679	0.775377689634	0.299967518881	3.60310368312
Q02763	Q15389	0.548548632916	0.887010128091	0.0516206996679	0.898380738609	nan	5.32937210243
Q99558	Q9Y4K3	0.185386444388	0.720843131377	0.212043948552	0.771111414276	nan	2.57749222612
Q9Y5S9	P61326	0.69394066219	1.0	0.297026619547	0.86958904657	0.98748619808	2.66124116785
P49450	Q8NCD3	0.5369264431	1.0	0.198933325764	0.973387676501	nan	3.28743739669
Q14676	O76064	0.322306247091	0.481960437518	0.0516206996679	0.836721484078	nan	3.43590909818
Q14678	P27348	0.0701411784845	0.425363691314	0.0516206996679	0.551785142545	0.14190410082	0.0
Q9ULV1	Q00604	0.332772123962	0.902823539871	1.0	0.726472907435	nan	1.83848274687
P40692	P52701	0.778458643796	1.0	0.857486590476	0.85774544789	0.971307786635	nan
P61163	Q9UJW0	0.903481168232	0.622600824008	0.0187331584839	0.773148063829	0.923642458677	0.0
P36894	P12644	-0.0	0.963496553672	0.208582923633	0.601942309979	nan	4.87923490702
Q2NL82	Q9NRX1	0.331502989505	nan	0.297026619547	0.853609912505	0.87186118216	0.0
P07333	P07947	0.151772715712	0.446216455327	0.490532580383	0.397015255807	0.65922238321	4.90448156395
Q13418	Q9NVD7	0.469840543365	0.720053914637	0.0516206996679	0.820329851331	0.954018363245	1.08525721343
P14416	Q96SB3	0.569867694233	0.754157858972	0.0516206996679	0.820531105498	nan	0.0
P61769	P15813	0.395021248758	0.744432784011	0.0516206996679	0.744623207664	nan	4.33117667425
P55036	P62191	0.764696784216	1.0	0.297026619547	0.927823130061	0.988025516902	0.566422555425
Q13772	P10275	0.100443781596	0.575533251969	0.257432963616	0.548494764917	nan	3.10795261386
P62072	Q9Y5J7	1.0	0.857422655921	1.0	0.860692189127	0.874219387077	0.0
Q7L2H7	Q9UBQ5	1.0	0.697170888646	0.595801662123	0.887039032859	0.976975428133	4.04962636675
Q9BUI4	Q9Y535	0.704704831584	0.920789009091	0.756791342556	0.743697222259	0.756198418448	0.0
O95707	Q969H6	0.847575029801	0.578905613555	0.872681550571	0.923226093687	0.830341326358	0.0
P80075	P51681	-0.0	0.447641621045	0.113264575631	0.879199363819	nan	3.70475925497
O00232	P51665	0.764696784216	1.0	nan	0.86175257264	0.969276884252	3.06510022688
P45985	Q99683	0.185386444388	0.733156493091	0.372876874192	0.77075756874	0.907462888551	3.52567413625
Q96C24	P61764	0.415583678864	0.586001379543	0.542085549652	0.641023449269	0.403540704478	0.0
O76071	Q96T76	0.973440926903	0.78003109948	0.0516206996679	0.871891645356	0.898993508488	1.52414649868
O76075	O00273	0.440069883926	0.691895485464	0.0516206996679	0.822792543703	0.781792583663	0.0
P02489	P43320	nan	1.0	0.839307851948	nan	nan	3.55291162131
O14579	P35606	1.0	1.0	0.335589619643	0.760616145377	0.872584941121	1.58407510493
P18848	Q9NS37	0.100443781596	0.209542243995	0.308408618446	0.645660290495	nan	2.58716509867
P49841	O75581	0.499346562662	0.560406882599	0.257432963616	0.677859273746	0.432720865271	2.12155604919
P62851	P62263	1.0	0.744432784011	0.477623020382	0.935580795446	0.983301562736	0.0
P62854	P15880	1.0	0.593030279976	0.545882384953	nan	0.982840121175	0.0
Q96CV9	P61006	0.824273579371	0.471191144827	0.677643242516	0.594364270198	0.399688983024	0.0
Q9UKI2	P60953	0.22783656183	0.8050057337	0.24880721933	0.714185656829	0.715487213718	2.25760082871
Q969N2	O43292	0.941213221031	0.799867395662	0.898576667571	0.864043059105	0.972200536851	0.0
Q92888	Q14344	0.129717437635	0.316968933969	0.108559407569	0.515563481321	0.476178696096	2.12208460228
Q92889	Q8IY92	0.755996061945	0.584770547348	0.455323996243	0.61325068729	0.839929821256	0.0
O15372	Q7L2H7	1.0	0.697170888646	0.595801662123	0.936973342888	0.988296459025	3.69531532844
Q15029	Q15393	0.551040588575	0.429690623682	0.244817701945	0.933449172412	0.990808276436	0.846217902128
Q15024	Q13868	0.741463058964	0.817236693992	0.661182385082	0.889434744194	0.970946559348	0.0
Q15022	Q92833	0.834999967265	0.530566767892	0.371730801067	0.812065764477	0.686076594295	3.15896671606
Q9Y275	Q02223	0.131591701596	0.226783536281	-0.0	0.813483710503	nan	0.0
P57678	Q8TEQ6	0.823040089666	0.83440436092	0.0516206996679	0.927915158613	0.971191129374	0.0
P02792	P02794	1.0	0.580634188927	0.763290350502	0.954821071	0.984167194342	1.90901253945
P46459	P42262	0.42250531835	0.322768602128	0.0516206996679	0.543465225594	0.974347227338	2.41419474904
O60739	O75821	-0.0	0.554593544566	0.595801662123	0.625086252462	0.936425161466	0.0
Q9Y6J0	Q14814	0.191439491079	0.0980753661515	-0.0	0.813054388008	0.963817230748	0.0
P17813	P36897	0.858369074593	0.794346419882	0.901806441725	0.646940872739	0.627459400258	3.42071754451
O95391	Q9H2H8	0.551040588575	0.429690623682	0.113264575631	0.817864932132	0.842806744495	0.0
P06307	P32239	0.0131748391633	0.526368315008	0.257432963616	0.822390005334	nan	3.3074558942
P42229	Q13287	0.191439491079	0.493990718711	0.0516206996679	0.799263961942	0.927793286424	0.0
Q99963	Q99962	0.190621273174	0.324199053749	0.839307851948	0.820197878129	0.990442360615	4.29907734759
P10145	P25025	-0.0	0.668945659088	0.0516206996679	0.767201121912	nan	3.69161056459
P04150	Q99933	0.185386444388	0.224136368673	0.224212534926	0.482125149405	0.931992044755	2.19746152217
P04156	P10909	0.260772124895	0.468902168672	0.561789285145	0.637305243532	0.869777556198	0.0
Q99816	O60291	0.460658296757	0.438932150673	0.0516206996679	0.7239124273	0.91388210392	2.30819557063
O75688	P05161	0.185386444388	0.618067232207	0.0516206996679	0.48342236623	0.837081013859	0.0
Q9UMD9	P16144	0.928131480055	0.753381713895	0.0516206996679	0.883939625728	nan	0.969762698742
P27348	Q5S007	0.358171483654	0.528446119285	0.0516206996679	0.43867100185	0.279993836241	3.19403801178
Q9H269	Q96AX1	0.746129221737	0.25399642996	0.0516206996679	0.734550527292	0.975541376272	0.0
Q99490	Q86YM7	0.163005080427	0.220709575853	0.0516206996679	0.491284695793	0.930104501727	2.22501327476
Q53T94	Q15573	0.858369074593	0.851949400681	0.108559407569	0.861972223737	nan	0.0
P20226	Q6P1X5	0.679661867014	0.705404531698	0.343245061517	0.85130244515	0.940788838941	0.573852829397
O75494	P35637	0.191439491079	0.429690623682	0.297026619547	0.85274963705	0.966721511341	1.69828814573
Q9NUP9	P48050	0.708064918781	0.322768602128	0.544504524661	0.345199426159	0.673706886477	0.0
O14974	Q6WCQ1	0.469840543365	nan	0.0516206996679	0.573931823368	0.489742063458	nan
Q99567	P52948	0.567422014158	1.0	0.268506099433	0.792530877065	0.990022525212	0.0
Q99719	Q92599	0.245200552404	nan	0.419503665249	0.436341065567	0.966451383402	4.14262381046
Q99767	P05067	0.349744495138	0.658627659825	0.0516206996679	0.570576842548	0.90459723049	0.0
Q96RN5	P49336	0.636767449818	0.46181222802	0.0516206996679	0.574101403003	0.79542405332	2.05062493856
Q05516	P29590	0.579035616728	0.416158282959	1.0	0.647314683537	0.654376341946	1.3556857734
P11387	P09874	0.331502989505	0.339428501955	0.297026619547	0.699533341136	0.986058600806	0.0
Q14686	O15550	0.664547575235	0.394341777291	0.0516206996679	0.735271696583	0.920653303815	4.01948357187
P11388	O14980	0.331502989505	0.317372523029	0.24880721933	0.885115307249	0.973955753943	5.64628982996
Q9HCU8	P28340	0.191439491079	0.749792771373	0.65035114553	0.700536335456	0.656796699935	0.0
P06493	Q99741	0.423593904781	0.715951097475	0.269617435315	0.964188784527	0.932942809682	2.45196723924
O14802	P05423	0.704704831584	0.920789009091	0.756791342556	0.809637382494	0.945744655325	0.0
Q9HCK5	Q8NDV7	0.801195862222	1.0	0.244817701945	0.847602186183	0.91874815838	4.78019508381
P36405	Q13432	0.423593904781	0.25399642996	0.0516206996679	0.721844603385	0.828419560054	2.59740680877
P36404	O43924	0.561166691475	0.9742910918	0.78460909288	0.790258907409	0.880049724465	2.59740680877
P63208	Q9UKC9	0.735014152343	0.686877523753	0.543726781028	0.65686762868	0.819530404333	4.19237566988
Q8WXI9	Q16576	0.191439491079	0.580634188927	0.108559407569	0.546534995161	0.950417133526	0.89806980998
Q9UN37	Q9NP79	0.395021248758	0.792247531214	0.476986475348	0.588522812866	0.889710192101	0.0
P22681	P08581	0.363663445451	0.314974408366	0.224212534926	0.645819269073	0.627748297477	4.14474929141
O43660	Q99459	0.786044504834	0.429690623682	0.0516206996679	0.862940610298	0.987029626459	1.07036575787
Q13546	Q15628	0.964023179157	0.774020256182	0.916900502523	0.739871940084	0.969818028543	3.43725150225
P62241	P62266	1.0	0.593030279976	0.477623020382	0.962639575272	0.984819058973	0.0
Q96F86	Q9NPI6	0.57352323675	0.817236693992	0.839307851948	0.626812990227	0.928941331506	4.59584700171
P62249	P46782	1.0	0.593030279976	0.477623020382	0.978635299516	0.984899361873	0.0
Q9UJY4	Q92673	0.790022968438	0.294395741387	1.0	0.614407838585	0.734078910885	0.0
Q9UJY5	Q9UMZ2	0.649166295956	0.294395741387	0.0516206996679	0.811937399359	0.955762966231	0.0
Q9UJY1	P04792	0.100443781596	-0.0	0.839307851948	0.788805169745	0.865127214411	4.40430646262
O00221	Q9UKB1	0.185386444388	0.625882216606	0.0516206996679	0.578779791261	0.603928815955	3.36003696759
P13726	P08709	0.289209631681	0.955097780533	0.104635268323	0.579425035598	0.444970482862	5.79968659284
P13725	P42702	0.139677508839	0.857422655921	0.431158183732	0.51899203594	nan	3.67448040668
Q6ZRQ5	Q96HA7	1.0	0.728578723623	0.0516206996679	0.584452079661	nan	0.0
Q9ULC4	O43583	-0.0	0.834472829544	0.595801662123	0.890694508107	0.879374116366	0.0
P51149	Q96NA2	0.637618207091	0.689548864869	0.562305019425	0.646652642064	0.27583709988	0.0
P05161	P41226	0.191439491079	0.815721456051	0.0516206996679	0.847459807114	0.702059685876	4.80335442644
Q5T2W1	Q13113	0.190621273174	nan	nan	0.619114780816	0.985672441833	0.0
Q9BYG3	P46013	0.465018294934	0.11020707581	0.297026619547	0.731792427106	0.489311693292	3.767010712
P51825	Q03111	0.665250573864	0.16341796048	0.0516206996679	0.588902075686	nan	2.47791129613
Q9UL18	Q9HCJ0	0.185386444388	1.0	0.244817701945	0.802325759591	0.662746461713	5.27840604845
Q15303	Q02297	0.139677508839	0.916013074052	0.257432963616	0.773420541709	0.387570994527	5.4706645095
P29317	P29353	0.129717437635	0.409015565218	0.490532580383	0.703237551459	0.150531133714	4.27875410131
P35998	Q5VYK3	0.615554188342	0.354267798738	0.0516206996679	0.849631278422	0.966807625322	1.8863100743
P13612	P49023	0.469840543365	0.720053914637	0.471428273379	0.571693575489	0.901439358854	4.53274848726
Q9Y463	P61962	0.100443781596	0.161534631512	0.0516206996679	0.684846913246	0.68683460838	nan
Q7LBR1	O95630	0.324892843902	0.338551659536	0.345516049415	0.756625636118	0.875314361461	2.68037170631
Q15466	P62508	0.191439491079	0.625204163497	0.588039357771	0.787986783108	nan	3.34268205411
Q9UKF6	Q9P2I0	1.0	1.0	0.244817701945	0.907104866661	0.988701742848	1.8741792335
P02786	Q30201	0.824273579371	0.763184157504	0.0516206996679	0.501812221397	0.618475994112	5.13398545322
Q96S59	P05107	0.151772715712	0.327566613962	0.24880721933	0.584660309854	0.801043685229	2.14062187477
Q9Y265	Q8NBZ0	1.0	0.432542032829	0.0516206996679	0.826107862445	0.80107102934	0.0
O14497	P51531	1.0	0.465915741646	0.4876993324	0.758632286018	0.966141912704	4.92539859847
Q08211	P57678	0.33564169504	0.392366587105	0.0516206996679	0.833791229266	0.93787320598	0.0
O75528	O75478	0.780922043931	0.582392314024	0.586187024871	0.698614632852	nan	0.0
O75529	Q92830	0.883169868516	0.582392314024	0.586187024871	0.703598598073	0.496263847038	4.34621932354
O75525	Q07666	0.191439491079	0.16341796048	0.512212936489	0.589642088975	0.981582141756	1.7485776928
Q01518	P23528	0.706746361556	0.584770547348	0.57059092948	0.916375088599	0.923274658173	0.0
P35372	Q5T9L3	0.894585435325	0.314974408366	0.224212534926	0.524554700757	nan	0.0
P17535	O00255	0.391256844932	0.75068631948	0.518668975558	0.746486061393	0.967309276114	3.09674924383
Q9NRR5	Q9UMX0	0.615554188342	0.354267798738	0.839307851948	0.526360371784	0.990779480641	3.04217634955
Q92769	O75182	1.0	0.591362406068	0.669094110528	0.456962823655	0.9592490083	3.89448143512
Q92785	Q92922	0.440069883926	0.16341796048	1.0	0.779118907136	0.97534632365	2.60197709313
Q92783	P40818	0.460658296757	0.164387944103	0.0516206996679	0.878557500686	0.912695416975	0.0
P46736	Q6UWZ7	0.78755361189	0.650194285595	0.634504194421	0.894844666389	0.925184154888	0.0
P15918	P52294	0.100443781596	0.440705432767	0.0516206996679	0.502588265706	nan	nan
Q01196	Q04724	0.191439491079	0.249440487813	0.365324326482	0.63452710756	0.487244493478	4.73245404877
Q9HAV0	Q9UBI6	0.190621273174	1.0	0.236783228192	0.64378821223	0.56690600826	4.60940250334
Q96SB4	Q15424	0.191439491079	0.327715560858	0.297026619547	0.72546660442	0.985501476015	nan
O43172	Q9UK45	0.482779386833	0.429690623682	0.786229885714	0.872113010812	0.900876473953	0.0
Q14457	Q8N5C8	0.395021248758	0.266520400778	0.0516206996679	0.866482052305	0.751369948683	0.0
Q8NEU8	Q9UKG1	1.0	0.239999503735	0.0516206996679	0.755309104024	0.894081206362	1.99289886989
Q13094	O15117	0.185386444388	0.505916938949	0.0516206996679	0.973279154197	0.991520093884	3.39786925028
Q86YM7	P21817	0.977264972912	0.812877595863	0.0516206996679	0.53554857533	0.852452740622	3.41688818567
P26599	Q14103	0.191439491079	0.392366587105	0.297026619547	0.901885751568	0.970314566968	2.15882811341
Q02962	Q6ZW49	0.151772715712	0.297904749157	0.0516206996679	0.412432386294	0.764287757067	1.37302764991
Q13326	Q14315	0.525505261043	0.490304022431	0.0516206996679	0.776047102313	0.296585301588	0.0
Q13323	Q92843	0.339226803829	0.500979295722	1.0	0.559845231611	nan	4.36003223084
P09871	P00736	0.516824276122	0.537481845162	0.539881889699	0.978657143106	0.992982054628	5.60182946699
Q14697	P14314	0.462867370923	0.54295082309	0.0187331584839	0.948475489102	0.950716474962	1.69688398998
P19387	P30876	0.710544427614	0.705404531698	0.83351513171	0.733687810586	0.945307654417	5.35948693192
P40818	Q7LBR1	0.324892843902	0.338551659536	0.345516049415	0.796757835686	0.955193447158	2.22093122591
P36507	P10398	-0.0	0.44574575513	0.374035868369	0.891653409764	0.882583461809	3.8139745137
P81877	P17542	0.100443781596	0.16341796048	0.108559407569	0.572573029778	nan	2.26536801511
Q8IXI2	Q9UPV9	0.244477973309	0.237118073237	0.0516206996679	0.628201160733	0.609053763548	0.0
P36873	Q12972	0.507087708384	0.214378481146	0.325514929288	0.931693699369	0.908852744665	2.18906118854
Q6P4R8	Q9Y5K5	1.0	0.432542032829	0.108559407569	0.710407752572	0.928823926412	0.0
Q9NTG7	Q13309	0.150839924698	0.161534631512	0.212043948552	0.552930102365	0.279339142084	0.0
Q9UPT6	Q07866	0.318221733278	0.233536701651	0.0516206996679	0.631813912407	0.966107185625	1.91390832898
Q8NC51	Q12873	0.100443781596	0.120825604238	0.297026619547	0.415719772439	0.968052548194	0.0
P63279	P25445	0.151772715712	0.257099832203	0.24880721933	0.441130882605	0.332999762051	-0.16056166184
Q8WXF8	O75618	0.331502989505	0.548040512363	0.198933325764	0.836713791095	nan	1.29724204183
P22459	P16389	0.551040588575	0.479323169593	0.631608180531	0.845475376149	0.960944506842	3.86817905714
Q96GD4	Q9NQS7	0.746129221737	0.8050057337	0.0516206996679	0.845359310474	0.265996939908	3.7541640608
Q9UBP6	P57081	0.191439491079	0.887010128091	0.928743295238	0.87180861672	0.955519823739	0.81510507823
Q96L34	Q04917	0.185386444388	0.34664595583	0.31475641821	0.625567258929	0.758429568142	3.19403801178
Q6PD62	Q92541	0.862256989933	0.964643407875	0.0516206996679	0.891464275054	0.987224381637	0.0
P50151	P62879	0.190621273174	1.0	0.431565319688	0.585737981098	0.914798571979	4.60940250334
Q9UQB8	P54259	0.191439491079	0.216176740309	0.0516206996679	0.868111368389	0.381111033258	0.0
Q13114	P25942	0.755018749235	0.444373890985	1.0	0.796120097357	0.753426490438	4.26495673788
Q13889	P32780	0.78755361189	1.0	0.714973180952	0.69968186795	0.905490306127	0.0
O00141	P46934	0.251759994337	0.47179435954	0.771336346021	0.580522223959	0.67540160557	2.66033210685
Q96KQ7	Q9H9B1	0.322306247091	0.763184157504	0.834547055264	0.820136657959	0.983805930031	4.32885379564
Q9BVW5	Q9UNS1	0.440069883926	0.381754314007	0.0516206996679	0.882938127111	0.97772716222	0.0
P51955	Q8NG66	0.331502989505	0.294072828049	0.374035868369	0.547706238296	0.480393039021	2.17367024709
P56279	P31751	0.487768328228	0.220709575853	0.0516206996679	0.741267970888	0.787520001884	0.0
O95154	O43488	0.190621273174	0.580634188927	0.807048942137	0.963273210697	0.92946940069	0.0
P31269	O00470	0.100443781596	0.567556557138	0.308408618446	0.755954316064	0.856648392908	0.955482874246
Q15311	P11234	0.0701411784845	0.289655371784	0.316340044308	0.740294180458	0.849366235859	2.3628365738
Q9NZU7	Q13936	0.723296562812	0.668945659088	0.145221161737	0.863683608623	0.222386145636	4.76938895476
Q9UBB5	O94776	0.797815784796	0.580634188927	1.0	0.591395879156	0.981091767264	2.64833950304
Q9NP79	Q9NZZ3	0.395021248758	0.799867395662	0.0516206996679	0.944693511877	0.964629418594	0.0
Q15006	Q9Y3B6	0.86144453246	nan	0.0516206996679	0.647901274162	nan	0.0
Q15003	Q9BPX3	0.81694468444	0.736200566531	0.0516206996679	0.965135156098	0.985657520952	0.0
Q9Y4Z0	O43172	0.633889368881	0.392366587105	0.244817701945	0.903048034357	0.980120233514	0.0
P28562	P28482	0.100443781596	0.49569229134	0.113264575631	0.6947390281	nan	3.52277610976
P07766	P06239	0.652516272037	0.551922022582	0.372876874192	0.968449246985	0.992586054822	3.74692745899
Q12846	P54920	0.643902853246	0.510220822712	0.51044044957	0.841686924924	0.584559099886	0.0
P51178	P21980	0.190621273174	0.279937195131	0.208582923633	0.698084686788	0.317908023418	3.74864306653
P20273	P43405	0.387881324379	0.256875028149	0.0516206996679	0.780346099786	0.968277417673	3.36452080691
O75530	Q92800	0.834999967265	0.721482957635	0.593805449991	0.657726394522	0.971641186646	3.56801337528
O75822	O15372	1.0	0.697170888646	0.595801662123	0.854942342275	0.97332792095	3.3382224031
P09651	P31942	0.482779386833	0.392366587105	0.297026619547	0.933555687914	0.985443091326	1.30245721167
P68106	Q92736	1.0	1.0	0.857486590476	0.655580596649	0.562195507555	0.0
Q8WVB6	Q9BVC3	0.191439491079	0.431310307765	0.198933325764	0.855689919884	nan	0.0
Q13155	Q15046	0.185386444388	0.604020737037	0.0516206996679	0.920318372509	0.780435560553	3.84638674374
Q14192	Q13683	0.468250537405	0.404201216088	0.257432963616	0.661124297461	0.745606959736	3.7815388826
Q14190	P27540	0.191439491079	0.291211344179	1.0	0.675377510752	0.674632461651	4.2462878817
Q14191	P13010	0.631090149481	0.633129968515	0.635187013834	0.818475867922	0.313197011719	5.19164815722
Q14194	Q16555	0.499346562662	0.38050158459	0.505299293588	0.574101287252	0.990914910556	4.60744348143
O60683	O00623	1.0	0.736200566531	0.268422622616	0.573337857731	0.790865173194	1.58767523967
Q92844	Q14164	0.185386444388	0.584770547348	0.104635268323	0.664866234099	0.781068622596	1.90882397285
P07814	P41252	0.185386444388	0.604020737037	0.610978892983	0.942077460028	0.977194777923	5.4808788232
Q04759	O14920	0.204996426068	0.916013074052	0.324934946398	0.767684831718	0.924045137929	4.24168286499
P23458	P48551	0.129717437635	0.746831619386	0.24880721933	0.787082291024	nan	4.15789980886
Q8N122	Q9BVC4	0.191439491079	0.74500597186	0.0516206996679	0.822128803613	0.887018572299	4.27186518315
Q9H444	Q9H3S7	0.324892843902	0.438932150673	0.0516206996679	0.62447542313	0.948772753507	3.5727131528
O75791	Q13094	0.185386444388	0.916013074052	0.0516206996679	0.780910163187	0.992191065184	2.58370766379
O94992	P50750	0.191439491079	0.281732471269	0.682235597745	0.740741262772	0.742870148984	1.91794749854
Q6FI81	O76003	0.163005080427	0.142079677533	0.60967057364	0.900672548787	0.97781488515	0.0
Q9UNQ2	Q9BVS4	nan	0.161534631512	0.212043948552	0.925998368435	0.812957844153	-1.32079100315
Q99741	P25205	0.293049690842	0.435900627223	0.269617435315	0.929490280838	0.879905936525	1.90948250543
Q6IN85	P60510	0.899252574766	0.383278013189	nan	0.735520824433	0.90513973079	1.07401084536
O60260	P62253	0.057594032682	0.620606813425	1.0	0.40122217927	0.185921157805	3.30188664946
O60264	Q9NRG0	0.764756124893	0.465915741646	0.113264575631	0.749565295839	0.957579631883	2.59626551565
Q15648	Q93074	0.636767449818	0.643556639801	0.776972338849	0.632758553447	0.975896514944	3.19803550784
P48023	Q13158	0.441786985133	0.815721456051	0.714973180952	0.517839329822	nan	3.40911479133
Q15645	Q15013	0.100443781596	0.349002044022	0.0516206996679	0.764306414894	0.584824182782	0.0
P21912	P31040	1.0	0.811211935521	1.0	0.897144167126	0.989425173733	0.0
P62316	Q9Y333	0.551040588575	0.429690623682	0.297026619547	0.934439504038	0.92605976011	0.0
P62314	Q15428	0.613387823828	0.601855439932	0.297026619547	0.547531205582	0.978197538464	0.0
Q13424	P11532	1.0	0.955097780533	0.728700434395	0.73636873379	0.953979392638	5.10632427662
Q96B01	Q06609	0.100443781596	0.769717446444	0.622418387641	0.946934957173	nan	3.87742973624
Q16594	Q16514	0.883169868516	0.705404531698	1.0	0.895935194179	0.965837254278	2.14284356638
O95711	Q99467	0.131591701596	0.861265897789	nan	0.936166423178	nan	2.19399096258
P61758	Q99471	0.801195862222	0.652767533863	0.0516206996679	0.770143201175	0.964633201161	1.77771948201
Q15796	Q13485	0.887760147144	0.882234316644	1.0	0.936200976976	0.932268074479	1.58149696024
O43463	P68431	0.391256844932	0.756673858696	0.108559407569	nan	nan	3.12082245288
P49674	O14640	0.185386444388	0.586001379543	0.0516206996679	nan	0.653222965151	2.19628797578
O14733	Q9Y2U5	0.185386444388	0.733156493091	0.769096776195	0.619089301789	0.772050273141	2.5269710467
P22466	P47211	0.0131748391633	0.857422655921	0.0516206996679	0.723917823561	nan	0.0
P41252	Q9P2J5	0.185386444388	0.763003724303	0.744547385504	0.885512316921	0.983874967694	3.50857782261
P16234	Q9NRA1	0.332772123962	0.655201532926	1.0	0.769343954727	nan	4.79225547191
P37023	P27037	0.332772123962	1.0	0.799957139157	0.614365221152	nan	4.34214611237
Q16778	O60907	0.191439491079	0.291945599919	0.108559407569	0.632873413648	0.975084581139	2.65532954194
Q66GS9	Q9HC77	0.540276419181	0.686877523753	0.0516206996679	0.759784729067	0.245588592334	0.0
P28222	P28221	0.255605371999	0.763003724303	0.846552421692	0.862161917162	nan	2.61340188265
Q9NR46	Q9Y371	0.0843300250393	nan	0.0516206996679	0.555272809982	0.833426353738	3.14057584225
P61224	O15211	0.0300352141288	0.546499379431	0.0516206996679	0.520677748881	0.711887065784	4.54807547645
P84095	Q86UP2	0.305487623298	0.289655371784	0.108559407569	0.400308316583	0.45582450549	0.0
Q14999	Q8N3Y1	0.966893002975	0.673144111972	0.0516206996679	0.673030524732	0.925342955254	5.1957225239
Q96KP1	Q8IYI6	0.758412138061	0.387989423813	0.920447888359	0.795098231009	0.984838000592	1.16140861993
P51784	Q93009	0.100443781596	0.509345516888	0.57988098278	0.699329796705	0.985297195107	0.0
P50542	Q92968	0.813787805743	1.0	0.0516206996679	0.748472731126	0.980961497703	1.10997112647
P55060	Q96KP4	0.190621273174	0.0326145563799	0.0187331584839	0.715186390526	0.359399569696	0.0
Q03111	Q9UHB7	0.665250573864	0.225396304383	0.0516206996679	0.550570921737	0.910387621449	2.47791129613
O00482	Q15466	0.191439491079	0.625204163497	0.588039357771	0.810323822211	nan	3.34268205411
P51948	P51946	0.755018749235	1.0	0.714973180952	0.870802675727	0.982533611527	-3.18526372219
Q9H2C0	P46821	0.22783656183	0.287515815591	0.0516206996679	0.578877394013	0.856518293467	0.0
P55209	Q99733	0.100443781596	0.517505127367	0.297026619547	0.77828977159	0.974414913183	2.29418477718
Q9BYE7	Q06587	0.802993583931	0.29037856381	0.268422622616	0.593194141155	0.940920000964	2.91342030764
P31273	Q15797	0.191439491079	0.373755047507	0.308408618446	0.566671040409	nan	0.283222037931
Q9BRT9	Q9Y248	1.0	0.923239148815	0.927594897342	0.901945280877	nan	0.0
Q9NP85	Q9Y5K6	0.282872737094	0.549318141385	0.0516206996679	0.481738651013	nan	0.0
Q9C005	Q9UBL3	0.903481168232	0.717952631019	0.0516206996679	0.882907362864	0.915811565223	2.79210480898
Q00597	O15287	0.737951649154	0.453042986047	0.0516206996679	0.763397305212	nan	0.0
Q96ES7	O75528	0.842681494651	0.582392314024	0.0516206996679	0.82404589022	0.954099712749	0.0
O95239	O43663	0.692446501481	0.982830389317	0.524863344738	0.974396797834	0.80945789306	0.0
Q15653	Q04864	0.185386444388	0.517505127367	0.0516206996679	0.627641084327	0.967974325522	3.91153901706
P13073	P00395	0.363261220062	0.514712707504	1.0	0.651627901892	0.97989233449	0.0
Q9H1K0	P20339	0.95541855413	0.438932150673	0.104635268323	0.798104111359	0.526285656779	2.664779303
P29084	P29083	0.191439491079	0.705404531698	0.108559407569	0.850144436457	0.979211165948	1.28825149934
Q8IY18	Q96SB8	0.801195862222	0.711771639229	0.269617435315	0.859662709979	0.988300781196	2.43920428325
P29590	Q15583	0.191439491079	0.706723683928	0.75147079232	0.570332565388	nan	-0.592251079162
P04233	P01903	1.0	0.622600824008	0.714973180952	0.978678640452	0.908572317512	0.0
O43924	Q15382	0.24721271488	0.289655371784	0.24880721933	0.858841665901	0.860235590693	3.11754273056
P35080	P50552	0.24721271488	0.539515697776	0.57059092948	0.429258677324	0.117914253451	0.0
Q9UBX5	Q08397	0.383874335636	0.387189047683	0.143251577089	0.819301573068	0.980080733042	4.80629685556
Q14181	P49643	0.713830692191	0.720294497276	0.49497075281	0.840078999904	0.796574716862	0.0
P35222	Q92997	0.185386444388	0.578905613555	0.257432963616	0.647701055954	0.870599711277	1.65783640482
Q14186	O00716	0.422871886816	0.834472829544	0.281579282395	0.805828551136	nan	3.94011619258
Q04695	P02538	0.494760257373	0.342950427242	0.526580701005	0.872898331231	0.984581963579	4.29769302681
P24534	Q05639	0.858369074593	0.486202243744	0.697306683325	0.605764913373	0.858271723402	0.0
O60673	Q9UI95	0.887760147144	0.865012737382	0.0516206996679	0.372988845815	nan	0.0
O60671	Q99638	0.835571587596	0.599734791325	1.0	0.66962764757	0.874976388424	0.0
P62324	Q9UFF9	0.100443781596	0.341066401286	0.0516206996679	0.845982583984	nan	0.0
P54252	P54727	0.191439491079	0.543083031579	0.0516206996679	0.705431217126	0.889655831192	0.0
Q7L5N1	P61201	0.636767449818	1.0	0.0516206996679	0.820092754888	0.975380317359	3.39237457741
P98172	O43639	0.163828195975	0.545531904739	0.0516206996679	0.578791162003	0.964710675555	2.49775345057
O43156	Q9Y4R8	1.0	0.64134065365	0.0516206996679	0.838283144116	0.837974926551	2.47689903308
Q13003	Q16478	1.0	0.724815226977	0.898576667571	0.837556203742	0.922262772483	4.92445919382
P05556	P08962	0.668516229692	0.579678040975	0.0516206996679	0.805774528078	0.917094954608	0.0
P42702	P26441	0.151772715712	0.834472829544	0.834547055264	0.467644967537	nan	3.23713400953
Q14500	Q9HAP6	0.129717437635	0.322768602128	-0.0	0.707010354851	0.778813538557	0.0
Q9BSM1	Q5H9F3	0.191439491079	0.291945599919	nan	0.657320784233	nan	4.00354877468
O15492	P08754	0.129717437635	0.267428737433	0.0516206996679	0.487942392539	nan	1.57264936401
P59998	P61160	0.879596867575	1.0	0.758510256297	0.886276157374	0.985264218739	0.0
P12931	Q14289	0.723296562812	0.786133983881	0.606409176463	0.806760657092	0.408585427582	4.51366937192
Q99595	O43615	0.372717977212	0.601855439932	0.861332882034	0.797095215587	0.950027281572	0.0
Q9NYM9	O95249	0.643902853246	0.603152156325	0.623379654543	0.627594869781	0.93384192427	0.0
Q13188	Q13043	0.185386444388	0.858620379864	0.740093730544	0.59926224357	0.984028001193	3.33749964013
P49427	P62877	0.191439491079	0.389337382998	1.0	0.776963674111	0.936456354554	2.18949831497
P26718	Q9UBK5	0.332772123962	0.239619055162	0.0516206996679	nan	nan	0.0
P21926	P26006	0.469840543365	0.352925869737	0.522548745229	0.713433136199	0.569957182469	0.0
Q99547	Q01780	0.794192778219	0.74500597186	0.244817701945	0.775943625702	0.467847591605	0.0
Q15672	Q92831	0.100443781596	0.486744919416	0.365324326482	0.531052506129	nan	3.01818772784
P50222	P23760	0.191439491079	0.567556557138	0.670380914704	0.766817375385	nan	0.43807677743
P50221	P15863	0.100443781596	0.834472829544	0.108559407569	0.680139896783	nan	0.43807677743
P62306	Q9UHI6	0.716738149186	0.83440436092	0.108559407569	0.857598731882	0.919234440955	0.0
P63096	O43566	0.374943884798	0.338551659536	0.306578272862	0.456752030656	0.540025323079	3.74122843429
P51668	P78317	0.191439491079	0.606232603224	1.0	0.722971605735	nan	2.86111515644
Q9BRG1	Q86VN1	0.395021248758	0.438932150673	0.0516206996679	0.608267755102	0.355894302537	0.17811457545
O14727	P98170	0.185386444388	0.453548381726	0.872631806266	0.849865244738	0.743628481281	2.51448242138
P13861	P24588	0.185386444388	0.577637306622	0.819644100582	0.655997816853	nan	3.51276588428
P54105	P62318	0.890940910535	0.83440436092	0.297026619547	0.8901287395	0.965636264854	0.0
Q8IXK0	Q9HC52	0.802993583931	0.627136364776	0.108559407569	0.705779255636	0.972150406196	0.0
Q9NWU2	Q9H7D7	0.191439491079	nan	nan	0.818875225832	0.912463842052	2.69017831363
P47897	P14868	0.185386444388	0.604020737037	0.610978892983	0.854096459663	0.898890401081	5.00935522989
Q9HB90	Q6IAA8	0.35387112754	0.74500597186	0.0516206996679	0.804205154831	0.763633612894	0.0
P27694	P54132	0.793800931312	0.673925468294	0.622418387641	0.761786728473	0.658178787512	4.23760793778
O95059	P78346	nan	nan	nan	0.874619201861	0.868172596979	0.0
P59768	Q9HAV0	0.190621273174	1.0	0.236783228192	0.849854436179	0.96778598606	4.60940250334
O14618	P00441	0.185386444388	0.702731584142	1.0	0.742585096642	0.813556856167	4.72957249378
Q9UNL4	Q04206	0.191439491079	0.29037856381	0.104635268323	0.635729152555	0.970496265223	2.95206276239
P55072	O94888	0.305487623298	nan	0.544504524661	0.784343809837	0.916273812286	5.28079181584
O60894	Q16602	0.255605371999	0.810423644858	0.887060795027	0.588410395907	nan	3.81476704147
P51681	Q99616	-0.0	0.481294753552	0.0516206996679	0.825863907793	nan	3.2951881562
P51684	P78556	-0.0	0.447641621045	-0.0	0.602328015614	nan	3.2951881562
P51685	P22362	-0.0	0.407062699958	-0.0	0.780790999583	nan	3.2951881562
Q07020	P62750	0.956983803959	0.593030279976	0.477623020382	0.952340999282	0.988326699218	0.0
Q07021	P50281	0.150839924698	0.41865384628	0.261720178239	0.367848903437	0.606101493252	0.0
Q9UBD5	Q13416	1.0	0.435900627223	0.786229885714	0.893124372744	0.884708183478	2.27690041578
P08908	P11362	0.255605371999	0.315106180086	0.224212534926	0.792015406568	nan	nan
Q9H8S9	Q15208	0.057594032682	0.188086647087	0.145221161737	0.747355410389	0.960737991391	2.16849944975
Q07157	Q16625	1.0	0.561592694471	0.345516049415	0.622919568347	0.652205659672	1.05689742804
Q9Y230	P60709	0.842681494651	0.465915741646	1.0	0.710113237282	0.598912017106	0.87068111673
Q9UM11	P14635	0.191439491079	0.603152156325	0.0516206996679	0.582531108663	nan	nan
Q9Y239	O43353	0.185386444388	0.726485730584	1.0	0.667441532889	0.854562115429	3.48566405353
O15131	P46527	0.191439491079	0.158816028816	0.0516206996679	0.811664113676	0.938876200981	0.0
P98170	P42574	0.191439491079	0.453548381726	0.398679500414	0.77787744459	0.368025348159	3.58871164396
P25942	O00463	0.755018749235	0.501785949376	1.0	0.701062834149	0.602579413918	4.26495673788
P08238	O00170	0.191439491079	0.44388420542	0.527613892562	0.828184435047	0.788242171867	4.79402166103
Q9Y6N9	Q9H251	0.742953982488	1.0	0.0516206996679	0.766636125198	0.640551330438	3.87228213996
P23297	P25815	0.24721271488	0.114166774934	0.584367478352	0.651984176297	0.413892068365	5.01027262071
Q6P1J9	Q8WVC0	0.862256989933	0.964643407875	0.0516206996679	0.870016872536	0.939066126335	3.40214274336
P24522	Q8TAE8	0.100443781596	1.0	0.0516206996679	0.608517596305	nan	0.0
Q15116	Q9NZQ7	0.449892432675	0.551922022582	0.0516206996679	0.712871054501	nan	4.12525501592
Q9P2J5	P54136	0.185386444388	0.604020737037	0.610978892983	0.860068360371	0.981165732903	3.50857782261
O15516	O00327	0.746129221737	0.815721456051	0.919892341954	0.599168835596	nan	4.59673523968
Q9H840	Q16637	0.823040089666	0.83440436092	0.0516206996679	nan	nan	0.0
O15228	O00116	1.0	1.0	0.212043948552	0.825274458795	0.958911981438	0.0
P49069	O14836	0.119012470136	0.158816028816	0.0516206996679	0.467351561435	nan	0.0
P15927	P27694	0.786044504834	1.0	0.647169542866	0.918668133532	0.983557494919	4.75680970632
O75489	O75306	0.704240535013	0.599734791325	1.0	0.940226329637	0.983820616035	0.0
P53041	Q9UHD1	-0.0	0.239999503735	0.145221161737	0.576383574778	0.919744996465	0.0
Q8N726	Q00987	nan	nan	nan	0.645690673479	nan	3.01138742526
P05423	Q9Y2S0	0.704704831584	0.920789009091	0.756791342556	0.742427649669	0.649121092831	0.0
P17980	Q9BRP4	0.615554188342	0.318729374023	0.0516206996679	0.793630960853	0.957355040385	2.16441945076
P17987	P48643	0.775520294288	0.652767533863	0.527613892562	0.947243540332	0.991096548531	5.01064355218
Q9BXJ9	P41227	0.899252574766	0.728578723623	0.653836282491	0.642298682904	0.962724204883	0.0
Q9UKS6	Q13444	0.190621273174	0.245949145255	0.104635268323	0.79770112087	0.491611196753	2.83890810701
Q92466	Q7L5N1	0.191439491079	0.303757123669	0.0516206996679	0.741279555388	0.672271478961	1.06800833977
Q8IW35	O43303	0.374943884798	0.266684957315	0.0516206996679	0.866137441228	0.910355929169	0.0
Q6NUQ1	O43264	0.305487623298	0.595716982125	0.0516206996679	0.808090236524	0.989408669237	2.39026154467
Q99613	O75822	1.0	0.697170888646	0.595801662123	0.565420637997	0.962515007485	3.95781461832
Q01094	Q14188	0.422871886816	0.473011507634	0.365324326482	0.648364498621	0.330906192407	3.94011619258
P26368	Q01081	0.507087708384	0.606232603224	0.297026619547	nan	0.98685872264	3.67458227789
P26367	O94829	0.100443781596	0.278911970556	0.24880721933	0.677202147311	nan	2.73325865427
O43707	O00151	0.469840543365	0.430902989159	0.4876993324	0.807021891606	0.930946004014	3.11915943346
P42262	Q9Y3R0	0.459208894004	0.322768602128	0.0516206996679	0.753506767308	0.807677952947	3.29117901648
P26373	Q07020	0.956983803959	0.593030279976	0.477623020382	0.975436384594	0.98985981994	0.0
Q9Y5X1	Q05193	0.190621273174	0.391809145016	0.839307851948	0.536866230011	0.610641131659	2.91566276472
Q8IWV7	P63146	0.523200219279	0.389881552594	1.0	0.785478060526	0.581103180272	3.51788882823
Q99728	O14867	0.191439491079	0.417232782796	0.108559407569	0.638139864126	0.311678869321	3.76031688016
Q13190	O75396	1.0	0.595716982125	0.51044044957	0.571071451522	0.940309434003	4.41730389853
Q14152	Q13347	1.0	0.697170888646	0.595801662123	0.77395338966	0.955548263432	0.968591911642
P21281	P15313	0.775520294288	0.763741499342	0.525557790131	0.397401420371	0.990370532073	0.583726775992
Q15019	Q16181	1.0	0.504125436669	0.419503665249	0.871920589738	0.969456859473	4.14262381046
P19338	P39060	0.190621273174	0.412423622936	0.839307851948	0.546456815542	0.352554354128	0.0
Q6W2J9	P41182	0.100443781596	0.51940977094	0.342556270367	0.602057846283	nan	1.64116846663
P16104	Q08945	0.322306247091	0.370089704112	0.108559407569	0.889739507852	0.937214534033	4.38030927917
Q9UPY8	Q15555	0.814782840914	0.381754314007	0.524863344738	0.607698027265	0.953707183915	1.22978488441
P17181	P29597	0.129717437635	0.746831619386	0.0516206996679	0.706046453456	nan	4.94432485062
P62330	Q99418	0.260772124895	0.419413126812	0.192078708652	0.584973402114	0.698516786605	3.43356962754
Q9NZ42	Q92542	0.260772124895	0.708610202036	0.0516206996679	0.803473135718	nan	0.0
Q16570	P10145	-0.0	0.587854543439	0.0516206996679	0.498814439178	nan	3.29262211228
Q9UBU7	O00311	0.191439491079	0.435900627223	0.145221161737	0.927865908933	nan	2.76515269531
Q15599	P15311	0.469840543365	0.606112464838	0.0516206996679	0.622619384253	0.190240164062	1.06158980182
Q9UBU8	Q92993	0.842681494651	0.493242731315	0.261720178239	0.748628313625	0.921491313733	3.8478456971
P13500	P32246	0.0131748391633	0.839260748481	0.113264575631	0.906467656238	nan	3.2951881562
Q9NR28	Q9NR09	0.0843300250393	0.440705432767	0.0516206996679	0.719721364934	0.68352735584	2.99667763525
Q7L576	Q8IZP0	0.78755361189	1.0	0.31475641821	0.795351710324	0.971381589286	0.0
Q9UQE7	Q8N3U4	0.476509621255	0.898527674231	0.371730801067	0.920889641121	0.954285017798	4.58179709678
P55199	Q96JC9	0.665250573864	0.16341796048	0.0516206996679	0.729655683521	nan	0.0
P61244	P50539	0.150839924698	0.264485355879	0.740093730544	0.750892533174	nan	1.38020304994
Q9H0K1	Q53ET0	0.100443781596	0.161534631512	0.0516206996679	0.646901750749	0.792538532988	0.0
Q13569	P55854	0.579035616728	0.627136364776	0.113264575631	0.737607667452	nan	0.0
Q13616	P41002	0.735014152343	0.686877523753	0.0516206996679	0.582431116979	0.661019433093	4.56490579156
Q13617	P40337	0.191439491079	0.758312462477	0.24880721933	0.615523979691	0.847487884271	0.0
P15311	P32004	0.469840543365	0.38050158459	0.471428273379	0.498277697295	0.322756130795	2.88339961859
P15313	P36543	0.600327712489	0.763741499342	0.525557790131	0.485890298403	0.976016991221	0.0
Q16623	Q01959	0.318221733278	0.454056273195	0.535152471701	0.759459672302	0.868162809816	0.0
Q8WXE1	Q13535	0.191439491079	0.852749796229	0.0516206996679	0.746335029271	0.981028757595	3.94893512505
Q06455	O75081	0.191439491079	0.29037856381	0.670278162725	0.704676513652	0.462996011989	0.0
Q96T88	P26358	0.622428387514	0.940770350999	0.753492302507	0.931885296564	0.501312098631	-0.397298259964
P21127	P30281	0.100443781596	0.239999503735	1.0	0.894476602778	0.751646990561	3.32504959568
P29353	Q9UQC2	0.185386444388	0.916013074052	1.0	0.734304632099	0.280412486733	1.74654159369
P29350	Q9UKJ1	0.190621273174	0.10133910367	0.0516206996679	0.931682408113	nan	2.99478159569
P06756	P26012	0.929184537297	0.579678040975	0.928743295238	0.734902216304	0.760611216519	5.71650716988
Q969Q1	Q9BYV2	1.0	0.109722663057	0.31475641821	0.805832069998	nan	4.25013695524
P18507	O95166	0.24721271488	0.322768602128	0.0516206996679	0.479710216544	nan	0.0
Q96H20	P55199	0.191439491079	0.37398852732	0.0516206996679	0.697468471113	0.891138306142	0.720060800212
Q7Z6Z7	Q07820	0.191439491079	0.334333334598	0.0516206996679	0.674549259106	0.924514423348	4.96824026332
Q7Z4G1	Q8N668	0.100443781596	0.572267967762	0.0516206996679	0.82805102082	0.883223687911	0.0
P11831	Q9ULH7	0.100443781596	0.604020737037	0.349661113929	0.570011694191	0.372089794189	0.0
Q12874	Q15459	0.551040588575	0.834472829544	0.297026619547	0.904792443673	0.990854320895	5.04635097966
Q8N3I7	Q3SYG4	0.780420359167	1.0	0.0516206996679	0.678795153219	0.986670068766	3.90821241495
Q9UJA5	Q96FX7	1.0	0.714845311841	-0.0	0.523217582094	0.974406082383	0.0
Q07812	Q16611	0.54611601521	1.0	1.0	0.840931312549	0.967397930014	4.69150784187
Q07817	Q9C000	0.185386444388	0.595620330127	0.345516049415	0.534687791637	0.323321933304	4.88302589441
P52435	Q00403	0.191439491079	0.705404531698	0.108559407569	0.79074294661	0.923380673056	3.00150910649
Q96AY2	Q96NY9	0.331502989505	0.857422655921	0.455323996243	0.715454436956	nan	4.16252378528
Q92900	O95793	0.505900693806	0.476751840324	0.297026619547	0.797042924268	0.850541897991	1.9720775719
Q9P2K3	O60341	0.100443781596	0.16341796048	0.371730801067	0.647462741768	0.98173977037	3.63233714998
P46778	P61313	0.956983803959	0.593030279976	0.477623020382	0.96359707319	0.989060992699	0.0
Q9NRL3	Q9Y6E0	0.0701411784845	-0.0	0.0516206996679	0.718002727683	0.938599698704	nan
Q9UK53	O75446	0.100443781596	0.327715560858	0.145221161737	0.841189138076	0.647260603568	0.0
O75478	P24928	0.304128422095	0.16341796048	0.212043948552	0.658943435741	nan	0.0
Q96LA8	P17096	0.191439491079	0.317372523029	0.0516206996679	0.624487683394	0.642506503854	0.0
P05455	P19338	0.33564169504	0.381754314007	0.297026619547	0.92687187813	0.986126032943	2.57053729638
Q15942	Q8N8S7	1.0	0.342089771059	0.0516206996679	0.561850524252	0.558583175064	0.0
Q9Y3U8	Q02543	0.956983803959	0.593030279976	0.477623020382	0.973391015752	0.885541482103	0.0
Q13291	Q92835	0.0701411784845	0.299365201417	0.0516206996679	0.900461049613	0.668119432628	1.65049195631
P23468	Q13332	0.255605371999	0.528446119285	1.0	0.720460133834	0.986287279985	4.84527548581
Q9NPP4	Q9HC29	0.22783656183	0.95951461827	0.269617435315	0.846025224636	0.427842976769	3.95148587618
P62750	Q9UKD2	0.331502989505	0.11020707581	0.297026619547	0.746933198265	0.935136718325	0.0
P10721	P07948	0.69394066219	0.916013074052	0.774121590055	0.57363906141	0.476089189349	4.81771443111
O43516	O00401	0.409725475218	1.0	0.57059092948	0.490619211282	0.156442481815	4.05379643418
Q9UHB7	P42568	0.665250573864	0.16341796048	0.0516206996679	0.726554935395	0.742868202584	2.47791129613
P53675	O00291	0.643440861432	0.391809145016	0.335589619643	0.736141805814	0.879298377981	0.0
Q13472	Q9H9A7	0.191439491079	0.301076518997	0.0516206996679	0.683105155287	nan	5.90790831423
Q9UBT6	Q9UBZ9	0.191439491079	0.865012737382	0.65035114553	0.869739416035	0.527217263199	0.0
Q13519	P41146	-0.0	0.538353563223	0.0516206996679	0.724203467924	nan	0.0
P49643	P09884	0.713830692191	0.834472829544	0.923276210846	0.867288753864	0.455928503031	0.0
P14598	P05771	0.185386444388	0.502598979804	0.113264575631	0.873797653993	0.823047726778	2.74466798778
Q96A65	O60645	0.758412138061	0.387989423813	0.0516206996679	0.759926582752	0.985843258814	0.0
Q96PU5	O00141	0.191439491079	0.586001379543	0.771336346021	0.552539997409	0.743366080554	2.66033210685
P06401	Q8WYK2	0.191439491079	0.264485355879	0.308408618446	0.731704363599	0.364393605943	1.66585708685
P41743	Q6P1M3	0.100443781596	0.485355062945	0.345516049415	0.651076004099	0.426748223164	nan
Q15435	P36873	0.322306247091	0.468227025736	0.0516206996679	0.860420249189	0.794301383593	0.0
Q16633	Q8IUQ4	0.100443781596	0.120825604238	0.0516206996679	0.560509807898	nan	0.0
P50570	Q15811	0.759614562328	0.504244579929	0.104635268323	0.574458348377	0.949449806267	3.85505400198
Q9H0F6	Q96EP0	0.941213221031	0.898527674231	0.544504524661	0.851919346889	0.96315143271	4.87396638491
P57740	P55735	0.764756124893	0.8050057337	0.0516206996679	0.753563475396	0.865036444476	0.0
Q9Y3C6	Q13573	0.551040588575	0.392366587105	0.0516206996679	0.826981606849	0.978592234244	0.0
P50591	O00220	0.129717437635	0.691895485464	0.0516206996679	0.609032250736	nan	4.10801436858
P06748	P49450	0.191439491079	1.0	1.0	0.846732910143	0.976322141553	3.49389022308
Q15542	O75486	0.874108706376	0.493242731315	0.740093730544	0.797677489671	0.771026799841	2.96481604111
Q15543	Q16594	0.679661867014	0.705404531698	1.0	0.674497449463	nan	2.52694206127
Q96EB1	O95163	0.81694468444	0.705404531698	0.966660453582	0.831971253712	0.796191652873	0.0192619891308
Q96EB6	Q01094	0.191439491079	0.743711228757	0.500403049442	0.423441361421	0.448396653051	2.41685059866
Q9UQF2	Q16584	0.0843300250393	0.553249109558	0.839307851948	0.729872626833	0.573990784434	2.55093712895
P23921	P31350	0.191439491079	0.954656509125	1.0	0.938790473805	0.909431600487	4.61493120425
Q9UBF6	Q96Q27	0.920231311429	0.303757123669	0.409609540257	0.618263855656	nan	1.03308347303
Q9P299	Q9Y678	1.0	0.294395741387	nan	0.591406070971	0.863295631533	3.87957150184
Q04206	Q8WTS6	0.191439491079	0.234135003592	0.0516206996679	0.595996496678	0.364891135713	4.03402325906
O15111	Q9Y6Q9	0.191439491079	0.496267885098	0.740093730544	0.635648738551	0.92863050764	nan
O15116	Q9Y4Z0	0.33564169504	0.817236693992	0.297026619547	0.847869588553	0.831128772598	0.0
Q9H2F5	Q9NXR8	1.0	0.744432784011	0.586187024871	0.919848915887	0.946340641205	0.0
Q13868	Q9NQT5	0.802993583931	1.0	0.661182385082	0.932796177962	0.984317912965	2.30059990939
P09619	P19174	0.282872737094	0.916013074052	0.372876874192	0.720438827515	0.822343121849	6.00745447203
Q15131	P15036	nan	0.168109102971	0.108559407569	0.523949377829	nan	1.09886971529
Q9BTM9	Q7Z7A3	0.185386444388	1.0	0.212043948552	0.857346296232	0.517640433212	4.12475090286
Q15139	Q07021	0.185386444388	0.521350353297	0.208582923633	0.298498542094	0.741975244312	0.0
O60506	Q9NR22	0.100443781596	0.145469202284	0.0516206996679	0.254030156243	0.934292629027	0.478358763892
Q13535	O14757	0.322306247091	0.753381713895	0.324934946398	0.779747236576	0.823392458369	3.61814511518
P43243	P61978	0.191439491079	0.120825604238	0.297026619547	0.951696616721	0.979615464204	1.45968099446
P28676	P30626	0.190621273174	0.245949145255	1.0	0.721685243447	0.4901299453	3.83417472179
P15498	O15524	0.185386444388	0.312630939073	0.273642972904	0.778444308271	nan	3.479975447
Q9NTI5	Q8WVM7	0.476509621255	0.431310307765	0.0516206996679	0.898742160228	0.988400208294	2.00948938837
P08581	Q12913	0.332772123962	0.595620330127	0.24880721933	0.729573373287	0.939941135125	3.88864675116
Q92806	P48051	0.255605371999	0.758891122721	0.951389910147	0.830480235415	nan	1.25346056505
Q13283	Q14694	0.100443781596	0.188086647087	0.297026619547	0.851341274761	0.89956502259	2.26962889826
Q13045	Q32MZ4	0.22783656183	0.16341796048	0.0516206996679	0.746800117523	0.969433347226	0.0
Q13042	Q9UM13	0.741463058964	0.668245120675	nan	0.831522167172	0.946193769229	0.0
Q8WYA6	Q9P013	0.482779386833	0.429690623682	0.0516206996679	0.829978750431	0.96106202883	0.0
Q8WYA1	O15516	0.422871886816	0.461991915931	0.788869830655	0.610460070316	0.443518770464	4.28859441523
P60510	Q9NY27	0.899252574766	0.769717446444	0.0516206996679	0.731149191952	0.970055384859	0.0
Q9NRM7	Q9H8S9	0.185386444388	0.634340225206	0.145221161737	0.721972631296	0.275282236127	2.16849944975
P01375	Q13546	0.441786985133	0.887604946464	0.839307851948	0.670748856123	nan	3.21421361592
P01374	Q06643	0.289209631681	0.708610202036	0.742379090163	0.863699344363	nan	4.10674950126
P52907	P47756	0.903481168232	0.721482957635	0.57059092948	0.801093965945	0.972036337441	0.0
O43504	Q0VGL1	0.81694468444	0.74500597186	0.671408273681	0.849523016377	0.817152197298	nan
Q8IZP0	Q96F07	0.349744495138	1.0	0.0516206996679	0.676358162343	0.909839729375	0.0
O14867	O15525	0.191439491079	0.16341796048	0.308408618446	0.685371981412	0.610774413141	3.387811976
O14862	Q9ULZ3	0.81694468444	1.0	0.839307851948	0.759980810122	0.182730908017	2.33203811448
P15153	Q13153	0.560274686777	0.8050057337	0.245644121197	0.680271229789	0.449160195194	3.07080336162
P24941	Q96PU4	0.322306247091	0.7487617838	0.212043948552	0.70190592088	0.404679325996	2.5773877002
Q5SXM2	Q13487	0.191439491079	0.821766823045	0.281579282395	0.737689995583	nan	0.0
Q13263	Q9UBF1	0.100443781596	0.384668852292	1.0	0.42161782845	0.798027955645	0.0
Q99417	Q8TBZ2	0.057594032682	0.369864900058	0.0516206996679	0.488585185359	0.614565622836	0.0
P54259	O00308	0.100443781596	0.330740714642	0.0516206996679	0.707613276703	0.870604065362	0.0
O14662	O75379	0.790022968438	0.833434709881	0.623379654543	0.706817535972	0.852159118961	3.782561699
Q02790	Q92990	0.151772715712	0.216176740309	0.257432963616	0.612902401827	0.974883885704	0.0
Q6SA08	P16220	0.100443781596	0.24263759667	0.108559407569	0.421585395108	nan	0.732412678626
P22626	P14866	0.33564169504	0.392366587105	0.297026619547	0.836687105303	0.9651719683	2.15882811341
Q08881	O43561	0.3964000162	0.916013074052	0.0516206996679	0.965868230965	nan	2.56216662851
P40199	P31997	0.703356765538	0.405781090681	nan	0.919470649633	0.984765942078	4.31022161913
O15444	P51686	-0.0	0.327566613962	-0.0	0.752043866097	nan	2.59791601758
P54136	Q13155	0.185386444388	0.604020737037	0.0516206996679	0.873047084565	0.936362436755	3.77965035269
P54132	P40692	0.793800931312	1.0	0.622418387641	0.824764049442	0.56420341238	1.66492219878
Q9Y5L4	O60220	0.6773231588	0.786133983881	0.145221161737	0.696702990642	0.929756738116	0.0
Q06787	Q9UHK0	0.447575664084	0.145469202284	0.244817701945	0.740302791136	nan	0.0
P17096	P17676	0.422871886816	0.341066401286	0.47263771903	0.684205970464	0.427870684353	0.0
Q15428	O43719	0.191439491079	0.120825604238	0.297026619547	0.522625414194	0.973287105285	0.0
Q96MX6	Q9H6T3	nan	nan	0.0516206996679	0.953334045585	0.983142572545	2.78287669253
Q16602	P06881	nan	nan	nan	0.67667198545	nan	0.0
P60842	Q53EL6	0.185386444388	0.136962529155	0.244817701945	0.637779665924	0.916847878176	4.46024614987
P06730	Q13541	0.185386444388	0.518453040193	0.677665881225	0.641399092105	0.954116797403	3.38831015322
P55085	Q15363	0.260772124895	0.293965415179	0.0516206996679	0.780818695226	nan	0.0
Q03468	Q13216	0.191439491079	0.661030384273	0.635187013834	0.88772518623	nan	1.71933401607
Q15554	Q14191	0.191439491079	0.633129968515	1.0	0.668316333021	0.563071554617	2.10728047489
P83876	O94906	1.0	0.601855439932	0.0516206996679	0.773934893996	0.915419410825	0.856161147289
P16410	P42081	0.449892432675	0.551922022582	0.0516206996679	0.876136385369	nan	3.75390112518
O95271	Q9C0C2	0.671143175193	0.763003724303	0.0516206996679	0.606350863698	0.904735810953	0.0
Q12815	Q13895	0.057594032682	0.256875028149	0.0516206996679	0.837389486713	0.880522192639	0.0
P04271	P06703	0.87419767254	0.347004936347	1.0	0.617674537678	0.53301790272	5.20748905747
Q93074	Q9UHV7	0.636767449818	0.575533251969	0.776972338849	0.680742448294	0.590215521392	0.0
P28066	P20618	0.874805218292	1.0	1.0	0.915570580415	0.978385176075	4.42809379547
O43557	Q92956	0.131591701596	0.697170888646	0.0516206996679	0.778180887992	nan	2.57357171487
P52298	Q09161	1.0	0.83440436092	0.858694313932	0.926842095383	0.977160909383	4.41510606314
P62917	O00267	0.150839924698	0.461991915931	0.297026619547	0.692312328068	0.902222882867	0.0
Q15382	P49815	0.499346562662	0.64134065365	0.24880721933	0.402633493946	0.810412394004	1.59237598186
O00422	Q9UMX1	0.191439491079	0.287113279603	0.670278162725	0.42416199007	0.277424405303	0.0
Q15388	O96008	0.775520294288	0.601855439932	0.776972338849	0.674544001399	0.46917480287	0.0
P32246	P80075	-0.0	0.447641621045	0.113264575631	0.915251066971	nan	3.70475925497
O75925	Q01826	0.579035616728	0.330740714642	0.108559407569	0.853172505137	0.805265692432	0.0
Q9Y3E7	O43633	0.529512249786	0.813387507973	0.842211210092	nan	0.775931417796	1.80835954687
Q99471	O60925	0.801195862222	0.652767533863	0.527613892562	0.853190528023	0.792442305456	1.77771948201
P61020	Q15075	0.567690368147	0.438932150673	0.708740867096	0.673262123922	0.858757523887	2.664779303
P28288	P33897	0.813787805743	1.0	1.0	0.333678287562	0.731192471092	4.68554714255
Q13077	P20333	0.057594032682	0.440705432767	1.0	0.867458394948	nan	3.66419622087
Q9H496	O14656	nan	nan	nan	0.695118900723	nan	nan
Q9BSI4	Q9NYB0	0.840462622858	0.821766823045	0.806002457735	0.765741605292	0.898375778945	3.15535983974
P23246	Q9Y2W1	0.191439491079	0.962607993445	0.500403049442	0.75167184467	0.97967337741	0.0
P78527	Q13315	0.191439491079	0.997213592623	0.857486590476	0.838853213829	0.929629222337	4.2429307627
P12004	P40937	0.87920606903	0.871608084573	0.24880721933	0.955285040826	0.966740789504	4.07846637493
P43694	P11831	0.440069883926	0.697170888646	1.0	0.712753290471	0.774046209732	0.0
Q9P1U1	O15145	0.879596867575	0.631442912102	0.57059092948	0.624335046358	0.98032206155	0.0
Q9H944	Q9NX70	0.636767449818	0.16341796048	0.0516206996679	0.73654093926	0.875472709808	0.0
Q9H307	Q08170	0.507087708384	0.392366587105	0.297026619547	0.865999256153	0.982356683791	2.41011494902
Q9NPD3	Q9NQT4	0.802993583931	1.0	0.661182385082	0.919386761459	0.988771049961	1.46588762515
P46939	Q13424	0.802633773464	0.604020737037	0.57059092948	0.638817330999	0.464194213032	5.10632427662
Q04637	P06730	0.775520294288	0.643556639801	0.595801662123	0.690081925996	0.961952330013	4.42135983956
P61923	P53618	1.0	1.0	nan	0.807641632183	0.935963785106	4.47482636984
P26447	P23297	0.318221733278	0.188086647087	0.839307851948	0.66307966465	0.227940404013	5.20748905747
Q14164	O00571	0.440611791022	0.517505127367	0.269617435315	0.567249881869	0.706360932724	nan
Q15631	Q99598	0.185386444388	0.578905613555	0.622418387641	0.846717180256	0.980393649649	4.55647496781
Q15633	Q9UPY3	0.81694468444	0.887010128091	0.786229885714	0.456065645933	0.891020011405	4.34713460956
O95477	Q13884	0.136226702725	0.0946025181734	0.0516206996679	0.745064545004	0.893431500788	2.50561394398
Q13257	Q9UJX6	0.185386444388	0.668245120675	0.0516206996679	0.469407827084	0.773436784406	0.0
O75143	O75385	0.858369074593	0.575533251969	0.372876874192	0.799233298785	0.678624358927	3.01547386162
Q52LR7	Q15014	0.191439491079	0.417232782796	nan	0.670399308548	0.516949000199	0.0
O95782	Q9Y6I3	0.759614562328	0.613168791501	0.0516206996679	0.940729965829	0.977823003097	0.0
P11441	O43681	0.057594032682	0.973233939856	0.113264575631	0.828077889011	0.959799665438	0.555481634972
O95786	Q14258	0.185386444388	0.618067232207	0.268422622616	0.784552193939	0.863825510079	3.55635470059
P40189	P13725	0.139677508839	0.857422655921	0.431158183732	0.529635184336	nan	4.42919586378
Q9UFF9	P78543	0.0432027283198	0.697170888646	0.281579282395	0.710201948493	nan	0.0
P33991	P49736	0.812560604411	0.763184157504	0.635187013834	0.969393255292	0.991477273046	2.22663569541
O94782	Q8TAF3	0.100443781596	0.509345516888	0.0516206996679	0.811451446275	0.828276568696	0.0
P51531	Q6STE5	1.0	0.465915741646	0.4876993324	0.529730857736	0.937849804124	3.20319198356
P61586	Q969H4	0.487768328228	0.971986413951	0.0516206996679	0.379293983703	nan	2.91123783351
P62166	Q9UBF8	0.393764919323	0.606112464838	0.104635268323	0.649251540053	0.511372337206	1.87488828806
P49682	Q07325	0.449892432675	0.702731584142	0.0516206996679	0.848003141375	nan	3.69161056459
P55895	P15918	0.100443781596	0.887010128091	0.491990784897	0.87911701694	nan	2.35850844028
P51665	P25786	0.571963433676	1.0	0.0516206996679	0.883064770127	0.966816063297	3.64909162141
Q00526	P61024	nan	0.435900627223	0.0187331584839	0.507694280843	0.776486238705	2.52793776932
Q9Y2X7	Q13136	0.469840543365	0.11020707581	0.0516206996679	0.49266432976	0.977335830433	1.8129619451
P83731	Q71UM5	0.447575664084	0.435050640454	0.477623020382	0.892128933426	0.930880622755	0.0
P28074	O14818	0.874805218292	1.0	1.0	0.942296874805	0.921058673543	4.42809379547
Q14498	P78362	0.191439491079	0.392366587105	0.297026619547	0.828647376548	0.970796886496	-1.90624557738
P17542	P25791	0.422871886816	0.664911894491	0.640553097534	0.74620663109	nan	1.38293801717
P10242	Q9UBE8	0.185386444388	0.278357034964	0.345516049415	0.741603892451	0.676632816529	nan
O60566	Q8NG31	0.5369264431	0.8050057337	0.0516206996679	0.950252424759	0.987818261045	nan
Q96T58	Q9Y618	0.565951987115	0.473011507634	0.670278162725	0.813059487468	0.951705182673	3.322960804
P17947	P23769	0.150839924698	0.686242873117	1.0	0.651048778693	0.362042634536	1.82018126059
Q99653	P19634	0.469840543365	0.849731131539	0.584367478352	0.677593429564	0.568461097351	0.0
Q99873	O43390	0.191439491079	0.120825604238	0.297026619547	0.856324772287	0.968124764207	0.478358763892
Q9UIQ6	Q9H2K2	0.393764919323	0.457683524165	0.145221161737	0.840964743925	0.940854293108	0.0
P09012	P09661	0.633889368881	0.429690623682	0.297026619547	0.896657034854	0.983963264987	nan
Q14573	Q9Y210	0.255605371999	0.469995226543	0.763290350502	0.560010022596	0.436596938647	2.07555950854
P27037	P36896	0.418643761371	0.861265897789	0.834547055264	0.690883301558	nan	4.59298362641
Q14596	Q9BXW4	0.685297079599	0.53164371819	0.0516206996679	0.489836125406	nan	3.53229293918
P29460	P29459	1.0	1.0	1.0	0.719504531387	nan	4.21967549592
Q8IZL8	Q9H4L4	0.77272173598	0.0662235027739	0.0516206996679	0.824383200121	0.983862825658	0.0
Q9HCS7	Q9UNP9	0.551040588575	0.429690623682	0.0516206996679	0.768033489049	0.940378346821	-0.0528653004229
P16144	P23229	1.0	0.886273965747	0.257432963616	0.689633398794	0.720456052302	5.76023058053
Q9H204	Q9NPJ6	0.636767449818	0.16341796048	0.0516206996679	0.875237691497	0.958624975328	0.0
Q13489	P55210	0.191439491079	0.453548381726	0.113264575631	0.732229392557	0.761095555296	4.05449085446
P15170	Q8IYD1	0.0300352141288	0.593030279976	0.431565319688	0.736325752243	0.992580228989	0.583726775992
P22695	P31930	0.980722290605	0.593623222451	0.306578272862	0.886939538637	0.988914576494	4.78973846628
Q9NYB9	Q92558	0.78755361189	0.799867395662	0.804688707283	0.773343343144	0.977982848637	4.06373753417
O43303	Q96JN8	0.540276419181	nan	0.0516206996679	0.552001850715	0.784720119571	0.0
Q9Y5N5	Q9UI30	0.151772715712	0.496267885098	0.561789285145	0.708057324519	0.921049468388	0.0
Q9Y2I2	Q9HCJ2	0.129717437635	0.347004936347	0.0516206996679	0.769180844668	0.945524529427	4.3929073164
P62258	P11388	0.293049690842	0.34664595583	1.0	0.789394429258	0.829033201415	0.0
P49768	Q02410	0.393764919323	0.549318141385	0.544504524661	0.535467724324	0.894152782444	0.0
Q96E14	Q13472	0.100443781596	0.301076518997	0.198933325764	0.784659646632	nan	4.80929602556
Q04727	Q02548	0.100443781596	0.330740714642	0.281579282395	0.700561502767	0.835655402103	1.79944069239
Q96HR3	Q13503	0.636767449818	0.486047643432	0.4876993324	0.905249942331	0.70771834073	0.0
