Q9NR31	Q15797	0.165118719874	0.274110628361	0.108559407569	0.604241723613	0.80911426293	1.84671813453
P33176	Q96EK5	0.245200552404	0.237118073237	0.31475641821	0.836669863631	0.935101470263	0.395490372401
Q99576	O43524	0.185386444388	0.452039584785	0.365324326482	0.752687325123	0.503725074147	0.0
Q7L7X3	O60566	0.185386444388	0.8050057337	0.324934946398	0.568547095035	0.761636183877	1.85325653734
Q09472	P16070	0.151772715712	0.662841975951	0.261720178239	0.732612791723	0.649874410244	0.0
P04003	P25942	0.268729117795	0.39125470802	0.0516206996679	0.635885000663	0.925494961289	0.0
Q8IUD6	Q7Z434	0.057594032682	0.673144111972	0.0516206996679	0.722981756981	0.564975651075	2.77837976568
Q8IUD6	Q9BYX4	0.185386444388	0.673144111972	0.569296392772	0.739452027551	0.57421765654	3.55635470059
O60423	Q3MIR4	0.131591701596	0.404201216088	0.0187331584839	0.658804042867	0.847625017028	0.0
Q8TF62	Q3MIR4	0.131591701596	0.404201216088	0.0187331584839	0.490950402614	0.594712273941	0.0
Q9Y2Q0	Q3MIR4	0.131591701596	0.404201216088	0.0516206996679	0.570317032994	0.66611828413	0.0
Q9NTI2	Q3MIR4	0.131591701596	0.404201216088	0.0187331584839	0.700716232058	0.326551239001	0.0
Q16512	Q15418	0.191439491079	0.510392356327	0.324934946398	0.814530544932	0.639527429777	4.31376575752
Q16513	P51812	0.191439491079	0.242833310932	0.324934946398	0.733522479682	0.547158253892	4.31376575752
Q16512	P51812	0.191439491079	0.510392356327	0.372876874192	0.53563505245	0.553312748023	4.31376575752
O00482	Q96EB6	0.191439491079	0.601855439932	0.372876874192	0.543257196271	0.521604728121	0.0
P35968	P17948	0.324892843902	0.782792708339	0.799957139157	0.893565995439	0.862416714124	5.86040673191
Q14526	P51531	0.391256844932	0.330740714642	0.108559407569	0.602090180542	0.486061384197	3.71072704447
Q13586	Q9Y210	0.255605371999	0.599734791325	0.104635268323	0.679873297021	0.976307235272	4.35480658225
Q86Y07	P51452	0.100443781596	0.32697297414	0.372876874192	0.63326940386	0.1864261826	2.11949431845
P34741	P05230	0.150839924698	0.327566613962	0.0516206996679	0.73068275282	0.384184833074	0.0
P07203	P09917	0.185386444388	0.792711948661	0.322505884386	0.80095131285	0.622239419525	0.0
Q8TEW0	P53667	0.375394945649	0.396355644979	0.104635268323	0.700458078882	0.889610454835	2.600314114
Q9ULX6	P13861	0.0843300250393	-0.0	0.24880721933	0.693227889002	0.860631884528	0.0
P80370	P46531	0.332772123962	0.473011507634	-0.0	0.591171990097	0.535253910192	5.59540428302
Q7L3B6	P04049	0.057594032682	0.169700220931	0.0516206996679	0.767772000234	0.929687661817	3.42135447743
P00918	P40879	0.43726954663	0.643556639801	0.0516206996679	0.681319622732	0.567337952853	0.0
Q13905	Q9UHJ6	0.057594032682	0.263124173821	0.0187331584839	0.680982615595	0.414682136041	0.0
Q13905	P62993	0.324892843902	0.420474209087	0.512212936489	0.805510458907	0.843467787241	3.46591945576
P15498	P29353	0.185386444388	0.916013074052	0.104635268323	0.712382549107	0.967351892888	3.94640857087
P15498	P62993	0.3964000162	1.0	0.0516206996679	0.847822472504	0.969014967867	3.95774992985
P63165	Q9Y2Q3	0.289576039985	0.11973473879	0.212043948552	0.708455185774	0.646152576638	0.514722839182
Q99626	P20226	0.38813705697	0.27314160539	0.342556270367	0.540203203146	0.619833605759	3.72845699634
Q5JTD0	Q9Y624	1.0	0.367204894541	0.0516206996679	0.634100893714	0.672077666905	0.0
Q5JTD0	Q07157	1.0	0.11020707581	0.0516206996679	0.601997182293	0.346862174256	0.0
Q92890	Q92575	0.100443781596	0.354267798738	0.0516206996679	0.761337151083	0.957302821876	0.0
O15379	Q99814	0.191439491079	0.352735586956	0.365324326482	0.520797833317	0.798059208407	1.83518472591
Q9UKG1	P20338	0.324892843902	0.293965415179	0.0516206996679	0.852261359385	0.501074435664	2.34585911769
Q9UKG1	P51149	0.410518558319	0.293965415179	0.24880721933	0.743807100847	0.697619312916	2.34585911769
Q9UKG1	P62491	0.410518558319	0.465915741646	0.0516206996679	0.812835084123	0.212074283487	2.34585911769
Q8NEU8	P20338	0.324892843902	0.10133910367	0.0516206996679	0.803771955001	0.920652976744	2.34585911769
Q8NEU8	P51149	0.324892843902	0.10133910367	0.0516206996679	0.815312339751	0.926806135149	2.34585911769
Q8NEU8	P62491	0.395021248758	0.239999503735	0.0516206996679	0.814339354737	0.829884105019	2.34585911769
Q92769	Q04206	0.422871886816	0.657290051583	1.0	0.510024454675	0.937169650671	2.52890115914
Q9NV70	P61586	0.487768328228	0.606112464838	0.104635268323	0.745257676984	0.773407443405	0.0
P12259	P01023	0.767564629511	0.584770547348	0.0516206996679	0.643011872657	0.29255886538	0.147701686599
P49815	Q13309	0.185386444388	0.239999503735	0.839307851948	0.602822851573	0.728505978945	0.68567310903
Q92574	Q13309	0.185386444388	0.239999503735	0.0516206996679	0.582662207701	0.492803658031	0.0
P10398	Q07817	-0.0	0.310465641968	0.0516206996679	0.74195071075	0.192131584145	4.07753428952
P10398	P10415	-0.0	0.541880119462	0.108559407569	0.621251049003	0.909890698922	4.07753428952
P04792	P23588	0.185386444388	0.554593544566	0.297026619547	0.620250357911	0.129936895844	0.0
P04792	Q14152	0.185386444388	0.554593544566	0.297026619547	0.486685016176	0.103640141128	0.0
P04792	P06730	0.190621273174	0.427307942287	0.297026619547	0.516814762389	0.327846364498	0.0
P04792	Q9BUB5	0.185386444388	0.554593544566	0.108559407569	0.531415200812	0.466997024922	0.0
P48736	O00459	0.699181047605	1.0	0.902875754883	0.487333957864	0.673987287678	4.96449862133
Q16512	Q9Y2U5	0.191439491079	0.733156493091	0.372876874192	0.494489850355	0.484498729789	3.55157835056
Q16513	Q99759	0.185386444388	0.22386450012	0.324934946398	0.688943578387	0.682926584479	2.98964473214
Q07817	Q7Z434	0.492258443474	0.75068631948	0.372876874192	0.67306286138	0.769674952736	0.0
O60313	Q7Z434	0.492258443474	0.285617647619	0.0516206996679	0.582511144043	0.578296605836	1.69330960744
P46939	Q7Z434	0.0843300250393	0.266602646136	0.372876874192	0.69836960489	0.810584626009	0.0
P42858	Q13127	0.191439491079	0.558518068338	0.365324326482	0.630900253029	0.795701682361	0.0
P42858	Q96NA2	0.458696787082	0.438932150673	0.0516206996679	0.68418820478	0.655148389912	0.0
O75791	Q07889	0.185386444388	0.916013074052	0.0516206996679	0.609520712153	0.933016991734	3.7685826667
P22455	P09038	0.139677508839	0.916013074052	0.490532580383	0.605669653077	0.192490622045	3.83568525385
Q9Y613	P61586	0.24721271488	0.625882216606	0.31475641821	0.656116997115	0.898240256613	3.76423956382
Q9Y613	P60953	0.24721271488	0.521350353297	0.839307851948	0.60688302598	0.905106851532	3.76423956382
Q9Y613	P15153	0.381687602807	0.413036187164	0.0187331584839	0.78101328475	0.821302927502	3.76423956382
Q9Y613	P60763	0.381687602807	0.342089771059	0.0516206996679	0.580288531118	0.907922934209	3.76423956382
Q9Y6X2	P42224	0.42250531835	0.305543754821	0.24880721933	0.562734178417	0.442908342987	2.61758852463
P23511	P20226	0.552309736783	0.268345167919	0.365324326482	0.827956845524	0.970796140087	0.0
Q9UBF6	P68400	0.304128422095	0.161534631512	0.212043948552	0.824645690646	0.834617908519	-3.44253324036
P22681	Q6PIZ9	0.151772715712	0.606112464838	0.257432963616	0.685773409162	0.934081710588	0.0
P43403	Q6PIZ9	0.874108706376	0.720294497276	0.257432963616	0.940515521338	0.961414895809	0.0
P04156	Q9UM11	0.165118719874	0.290898260791	0.0516206996679	0.435802070106	0.416314847978	0.0
P46934	Q9Y5X1	0.260772124895	0.4481210989	0.24880721933	0.685548004576	0.172437951566	2.34103535306
P68400	P17480	0.191439491079	0.291945599919	0.108559407569	0.846841525824	0.75607618072	0.0
P06730	Q9HB40	0.190621273174	0.120785733017	-0.0	0.589587532776	0.737147044528	0.0
Q9UJW0	Q04656	0.185386444388	0.193116113672	0.0516206996679	0.722154662443	0.766001426575	0.0
Q8N668	O00244	0.057594032682	0.972592499699	0.58992568032	0.927979614909	0.858961090858	0.0
P35548	P29590	0.100443781596	0.664911894491	0.108559407569	0.710942615055	0.424418364512	-0.592251079162
P02730	P16157	1.0	0.255388762203	0.31475641821	0.93602655465	0.942866581513	0.0
P34932	Q07812	0.244477973309	0.546778560167	0.0516206996679	0.814519873394	0.427248453435	0.0
P04233	P46531	0.418643761371	0.518453040193	0.261720178239	0.616630025389	0.228973527546	1.6012538423
Q06481	P04233	0.190621273174	0.409015565218	0.839307851948	0.69309356764	0.251733603803	0.0
P63104	P49841	0.393764919323	0.72921593962	1.0	0.851407483774	0.903426472479	3.19403801178
P63104	P10636	0.185386444388	0.386131477299	0.372876874192	0.337185676859	0.832419786483	0.0
Q96QF0	Q99909	0.100443781596	0.0980753661515	0.0516206996679	0.577013408599	0.358503621487	0.0
Q92769	Q9BQ52	0.191439491079	0.201110346632	0.297026619547	0.742943250107	0.963571656688	0.0
Q92769	Q06587	0.660135634212	0.431310307765	0.371730801067	0.64964928504	0.982885349001	2.01172717081
P14921	Q92793	0.422871886816	0.423078090284	0.365324326482	0.693205876827	0.875943748539	3.58175845369
P00915	P02730	0.190621273174	0.643556639801	0.0516206996679	0.964142567981	0.954434748474	0.0
P06400	P84022	0.422871886816	0.600057223034	1.0	0.645259413074	0.820038496078	0.0
Q08999	P84022	0.422871886816	0.303639111248	0.108559407569	0.706050182114	0.76149386745	0.0
Q8TCT9	P04233	1.0	0.11999153746	0.839307851948	0.744822397703	0.604249458417	0.0
P20023	O00459	0.151772715712	0.351601224571	0.740093730544	0.539613169366	0.710176941133	0.0
Q8N6C5	P05111	0.139677508839	0.145469202284	0.834547055264	0.801118436807	0.396198992471	2.4467955179
Q86XR8	P05230	0.191439491079	0.460897779935	0.0516206996679	0.313276818021	0.274334713519	0.0
P08047	Q9Y294	0.191439491079	0.395200039409	0.0516206996679	0.665582116613	0.926011162033	0.0
P15172	Q01105	0.191439491079	0.493242731315	0.108559407569	0.356429155763	0.54426157614	0.0
P19838	Q01105	0.191439491079	0.310465641968	0.108559407569	0.634426334517	0.907794988919	0.0
P36871	P25815	0.190621273174	0.0326145563799	0.461139524239	0.690214029295	0.354068565739	0.0
P09382	P17948	0.289209631681	0.314974408366	0.839307851948	0.612872310554	0.422881710745	2.06248766711
P09382	P35968	0.332772123962	0.516116424084	0.224212534926	0.679542494393	0.506933591434	1.61634123866
P09382	P35916	0.139677508839	0.314974408366	0.224212534926	0.595279944103	0.698225060719	1.61634123866
Q9P0N9	P49815	0.24721271488	0.729528385049	0.466447708547	0.654924546678	0.939911283764	0.0
P31947	Q92574	0.185386444388	0.489582280426	0.273642972904	0.456099817188	0.353489113502	0.0
P63104	Q92574	0.409725475218	0.46181222802	0.0516206996679	0.444528341558	0.491780850928	0.0
O14640	Q92574	0.546215902415	0.540691114154	0.0516206996679	0.794026250599	0.684890605598	0.0
P31749	Q92574	0.24721271488	0.763184157504	0.273642972904	0.622461424699	0.850857166145	0.0
Q12778	Q92574	0.185386444388	0.500456144079	0.0516206996679	0.781904449127	0.767539384583	0.0
Q15751	Q92574	0.185386444388	0.561690261868	0.273642972904	0.89771608015	0.716633093594	0.0
Q08117	Q13547	0.100443781596	0.330740714642	0.670278162725	0.842563483991	0.941300132817	0.0
O60716	P60568	0.139677508839	0.328914965864	0.257432963616	0.467676340067	0.219346699953	0.0
P00973	Q9UIS9	0.100443781596	0.15082598666	0.203400839336	0.685823727713	0.774137146337	0.0
Q9H204	P26038	0.22783656183	0.220709575853	0.57059092948	0.670239786651	0.881206273616	0.0
P05121	P02751	0.767564629511	0.584770547348	0.577421125323	0.876369944822	0.412833458927	2.90837436097
O75528	P10276	0.22783656183	0.763632038421	0.4876993324	0.733623500373	0.490503749577	0.0
P59190	Q15276	0.324892843902	0.528206530336	0.0516206996679	0.608242224407	0.754000120761	0.0
P59190	Q9UJ41	0.324892843902	0.528206530336	0.113264575631	0.5707269619	0.444059020863	3.48144729062
Q02040	P26368	0.507087708384	0.754730693255	0.297026619547	0.802780769158	0.963680492891	2.25223650243
O60832	O15360	0.331502989505	0.301076518997	0.0516206996679	0.788489040822	0.743588456363	0.0
P30533	P05067	0.332772123962	0.527940176532	0.490532580383	0.662872350106	0.442479916068	0.0
P19793	Q96RL1	0.161211680707	0.29037856381	0.47263771903	0.661336728944	0.639992148524	0.0
P13631	Q96RL1	0.151772715712	0.29037856381	1.0	0.507412625494	0.800797383935	0.0
Q9NV88	Q9UKF6	0.191439491079	0.317372523029	0.0516206996679	0.755958119993	0.969342196752	1.8741792335
Q5TA45	Q10570	0.191439491079	0.317372523029	0.0516206996679	0.932817881417	0.966098418685	0.0
Q9NV88	Q10570	0.191439491079	0.317372523029	0.0516206996679	0.757001929369	0.954571549985	0.0
Q92990	P08069	0.151772715712	0.342950427242	0.257432963616	0.543761149952	0.663912625636	0.0
Q92990	P06213	0.304128422095	0.323481341042	0.257432963616	0.446495926113	0.402785893896	0.0
P63244	P63096	0.643403515823	0.338551659536	0.257432963616	0.644249280006	0.628816973319	-0.366979265539
P63244	P50148	0.190621273174	0.561690261868	0.376871957049	0.566243970883	0.176366051611	-0.366979265539
Q96EV8	P48729	0.24721271488	0.260067899614	0.0516206996679	0.690587189856	0.473537173691	0.0
Q96EV8	P48730	0.185386444388	0.347726678351	0.0516206996679	0.840696991895	0.493432728266	0.0
Q15910	Q9BQ52	0.191439491079	0.164387944103	0.244817701945	0.710155142042	0.938801269771	2.05660912149
P60891	Q92793	0.304128422095	0.19946958265	0.212043948552	0.547643041173	0.911423367007	0.0
Q13077	P25942	0.057594032682	0.501785949376	1.0	0.906778384276	0.292577741907	3.71417569592
P05783	P00747	0.190621273174	0.25399642996	0.0516206996679	0.545679047511	0.531786335113	0.0
O60716	P25054	0.689742286581	0.482630458217	0.661182385082	0.653195870283	0.745055668584	4.41837937433
P02788	Q9NNX6	0.190621273174	0.736200566531	0.143251577089	0.637208743052	0.499009641403	0.0
P61626	Q9NNX6	0.190621273174	0.230249048688	0.0516206996679	0.707940375511	0.329354219374	0.0
P03973	Q9NNX6	0.190621273174	0.539515697776	0.0516206996679	0.626213348111	0.418832098981	0.0
Q13330	P25490	0.567422014158	0.481960437518	0.670278162725	0.848239305543	0.906522816081	3.73995958797
Q13330	Q00688	0.165118719874	0.161534631512	0.108559407569	0.740555576362	0.955386694318	0.0
Q15406	Q9Y618	0.191439491079	0.46181222802	0.108559407569	0.779175916462	0.663142348433	3.10148897113
Q15406	P48552	0.191439491079	0.416511105994	0.372876874192	0.400840393646	0.566034688208	4.66120993232
P04003	P25445	0.139677508839	0.410671765478	0.0516206996679	0.651564118094	0.786349912755	0.0
Q8N5F7	Q13546	0.057594032682	0.508477597698	0.261720178239	0.683456383143	0.853413348828	0.0
P49459	Q9NW38	0.151772715712	0.325212340898	1.0	0.742015118657	0.303495694474	4.06611408969
P35222	P07900	0.708064918781	0.493242731315	0.649312703222	0.763644371168	0.760296903312	1.44915464311
P35222	P34932	0.190621273174	0.278911970556	0.108559407569	0.755103642053	0.886151147364	0.0
Q05519	Q8WU68	0.191439491079	0.392366587105	0.244817701945	0.604281777453	0.935346024936	2.64710523894
Q9UPT6	P05067	0.42250531835	0.399902472788	0.24880721933	0.512085197624	0.959001871284	0.0
Q15942	P19544	0.163005080427	0.254653606724	0.268422622616	0.636616304995	0.408094556016	1.82559310124
P04234	P43403	0.874108706376	0.763184157504	0.0516206996679	0.968336214454	0.98475239705	3.66730481742
P06493	P24864	0.191439491079	0.715951097475	0.296341369581	0.867060916863	0.874779539408	3.60427655221
P54826	P10415	0.119012470136	0.887604946464	0.0516206996679	0.575326604606	0.626134836045	0.0
P54826	Q07812	0.119012470136	0.834192178156	0.0516206996679	0.471353594994	0.369427904262	0.0
P54826	Q92934	0.0701411784845	0.757853743296	0.0516206996679	0.556780066673	0.343265763622	0.0
P54826	P55957	0.119012470136	0.480633350542	0.0516206996679	0.50922876298	0.192626231769	0.0
Q04771	P08476	0.151772715712	0.794346419882	0.839307851948	0.734403971237	0.336363892023	5.14038496466
Q04771	P05111	0.151772715712	0.794346419882	0.740093730544	0.482982083939	0.406869813811	4.57470966844
P61073	P55209	0.163828195975	0.226783536281	0.0516206996679	0.709560473785	0.72829292585	0.0
P25311	P61769	0.755018749235	0.883885179113	0.0516206996679	0.493869334354	0.949173037901	4.91089336998
O00623	O96011	1.0	0.640391841986	0.0516206996679	0.812955315714	0.707932852645	0.0
O00623	Q9Y5Y5	1.0	0.736200566531	0.476986475348	0.617340469585	0.835355453712	0.0
O15169	P30153	0.293049690842	0.417576895983	0.740093730544	0.791391896151	0.535151739431	2.27392854218
O75400	Q9P2H0	0.0843300250393	0.287515815591	0.0516206996679	0.565256018852	0.495328875606	0.0
Q09028	Q9Y618	0.565951987115	0.291945599919	0.546981793798	0.460333871787	0.883335497582	2.52364871581
Q06330	Q92769	0.422871886816	0.82642496476	1.0	0.756904777478	0.97933944587	1.16617150681
P18847	P25963	0.151772715712	0.297904749157	0.839307851948	0.85466700951	0.349142344234	0.0
P48995	Q9UBN4	0.708064918781	0.86822149948	0.763290350502	0.708505074472	0.691805316666	3.22460815156
P41240	Q16828	0.185386444388	0.668245120675	0.113264575631	0.623198346205	0.432578770307	3.06663639927
Q04724	Q9BQ87	0.422871886816	0.29037856381	0.670278162725	0.642162514991	0.891607916706	3.75601089242
Q8TDR0	Q9Y4K3	0.163005080427	0.478674285336	0.0516206996679	0.6901408393	0.934843466078	0.0
P56524	Q969S8	0.797815784796	1.0	1.0	0.540881703182	0.909445140029	3.54803442079
Q9H2S9	Q9UHR5	0.100443781596	0.264485355879	0.0516206996679	0.571284244023	0.971632692651	0.0
Q92785	Q93096	0.293049690842	0.0662235027739	-0.0	0.555706901046	0.572545022285	0.0
Q9NQX6	Q9UHR5	0.100443781596	0.16341796048	0.0187331584839	0.684175997111	0.846289034254	0.0
Q93096	Q9UHX1	0.165118719874	0.0662235027739	-0.0	0.641124340098	0.617742265797	0.0
P10415	Q96CV9	0.185386444388	0.475489888128	0.839307851948	0.738250525267	0.962499482294	0.0
P40424	Q9BQG0	0.151772715712	0.419378129651	0.342556270367	0.496492434756	0.701868228406	1.82871404317
Q16891	Q9UKY1	0.0843300250393	0.0423561262832	0.108559407569	0.825262956501	0.541305804174	0.0
O75175	Q8TBX8	0.057594032682	0.0532108214374	0.0516206996679	0.645961188516	0.907734330822	0.0
Q93096	Q9H6S3	0.190621273174	0.120785733017	-0.0	0.539602335383	0.137910742958	1.77086142719
P27348	P31749	0.282872737094	0.780181925995	0.0516206996679	0.65777440296	0.797137019268	3.19403801178
O75192	P28328	1.0	0.640391841986	0.0516206996679	0.763880855745	0.696799455793	0.0
P26038	Q92558	0.282872737094	0.233536701651	0.57059092948	0.638990638114	0.277398762178	1.33125144561
Q92785	Q9H2S9	0.100443781596	0.16341796048	0.308408618446	0.574634704607	0.953542304845	2.27744937457
P31150	Q92785	0.136226702725	0.10133910367	0.0516206996679	0.773445890037	0.436797363044	0.541998214407
Q14192	Q8TBX8	0.057594032682	0.267345829074	0.839307851948	0.688434635965	0.260509993033	0.0
Q16526	Q8NEZ5	0.100443781596	0.303757123669	0.113264575631	0.721660773552	0.213883431555	0.0
O60907	Q04724	0.191439491079	0.473011507634	0.670278162725	0.655666122023	0.90208087145	3.92678022463
P25963	Q8TAU0	0.100443781596	0.407062699958	0.0187331584839	0.577811325056	0.166981700081	0.0
P21246	P55854	0.139677508839	0.120785733017	0.0516206996679	0.438762421333	0.734772055135	0.0
Q8WYQ5	Q9HAV4	0.191439491079	0.625882216606	0.244817701945	0.752000222723	0.598243847318	2.46829215523
Q9NQX6	Q9UH92	0.100443781596	0.16341796048	0.108559407569	0.50370148714	0.879468036646	1.4314346257
P31150	P41240	0.185386444388	0.550611841633	0.24880721933	0.855430635294	0.413072126535	1.71044774746
Q16828	Q9UHR5	0.191439491079	0.34664595583	-0.0	0.608380707058	0.853728724362	0.0
P18206	Q9HBI1	0.469840543365	0.589741712233	0.57059092948	0.770943279587	0.971599379918	0.0
P31150	Q70SY1	0.165118719874	0.237118073237	0.0187331584839	0.622136496823	0.305036427436	0.0
Q70SY1	Q9UHX1	0.165118719874	0.16341796048	0.108559407569	0.632686505642	0.385132596069	0.0
Q70SY1	Q9H6S3	0.0701411784845	0.168109102971	0.0187331584839	0.629862309533	0.706743527763	0.0
P08069	P08133	0.0701411784845	0.415771258166	0.839307851948	0.544549594419	0.3005079612	0.0
P62879	Q92785	0.136226702725	0.10133910367	0.0516206996679	0.783683292675	0.420684116743	2.7730461406
Q9NQX6	Q9UHX1	0.100443781596	0.16341796048	0.198933325764	0.592065880625	0.908638836552	0.0
Q8TBX8	Q9H6S3	0.190621273174	0.0359494312835	0.0516206996679	0.706277933834	0.306453119788	0.0
P18847	Q8TAU0	0.100443781596	0.297904749157	0.308408618446	0.574526174445	0.838957600496	0.265391132257
P25963	Q70SY1	0.100443781596	0.297904749157	0.0187331584839	0.65056378285	0.533615366911	0.0
Q68DY1	Q70SY1	0.100443781596	0.16341796048	0.108559407569	0.655106731305	0.351627550994	2.06188861167
O75175	P36915	0.100443781596	0.0510737267946	0.0187331584839	0.715947174106	0.938744963539	0.0
P18847	Q9H9D4	0.100443781596	0.16341796048	0.839307851948	0.591864629996	0.637180324631	2.92000365306
Q70SY1	Q9UH92	0.100443781596	0.237799802729	0.440136899325	0.704294306959	0.369755272954	0.645463121169
Q14192	Q9UH92	0.100443781596	0.330740714642	0.839307851948	0.496775828922	0.383971169291	1.38293801717
O15169	Q15797	0.185386444388	0.569103169946	1.0	0.515961124961	0.934853846089	-1.11657303488
P07196	P21246	0.057594032682	0.266767334423	0.0516206996679	0.714616150835	0.821334435075	0.0
P18847	Q92785	0.191439491079	0.341066401286	1.0	0.492924855369	0.577506646725	2.42624147048
P27361	Q9H2B2	0.282872737094	0.288630982702	0.208582923633	0.595186153838	0.418584050129	1.90742694678
P41240	Q93096	0.486734659494	0.27928359811	0.113264575631	0.503438232577	0.794956560781	2.73230503193
Q49AN0	Q9UKT4	0.100443781596	0.314056703494	0.372876874192	0.264085893327	0.588837654527	0.0
Q68DY1	Q9UHX1	0.100443781596	0.16341796048	0.198933325764	0.577920984322	0.89343649761	0.0
Q13642	Q5TD97	0.100443781596	0.120785733017	0.268422622616	0.823256745129	0.748530554273	0.0
P31150	Q93096	0.165118719874	0.212173990169	-0.0	0.473764421054	0.956590769387	0.0
Q03167	Q15942	0.255605371999	0.458212305863	0.104635268323	0.507733479704	0.499977012429	0.0
O60260	P56524	0.304128422095	0.637321529996	0.546981793798	0.560374454069	0.802624804904	0.0
P21246	Q9UKY1	0.0432027283198	0.202821956322	0.104635268323	0.569576880045	0.720685455051	0.0
P37840	P43004	0.318221733278	0.618532757554	0.0516206996679	0.732912950423	0.896461786009	0.0
Q08999	Q15796	0.422871886816	0.237799802729	0.108559407569	0.849181941613	0.691622128056	0.0
Q68DY1	Q9UHR5	0.100443781596	0.16341796048	0.0187331584839	0.683729566292	0.857611436463	0.0
O75175	Q9NQX6	0.100443781596	0.16341796048	0.0187331584839	0.678322001716	0.883443586031	0.0
P04150	P22087	0.191439491079	0.344167575336	0.108559407569	0.507322990055	0.948732300402	0.0
Q8TAU0	Q9UH92	0.100443781596	0.237799802729	0.308408618446	0.583041526905	0.863563495385	1.02525894735
O75400	P07196	0.0843300250393	0.307975258461	0.0516206996679	0.507802943883	0.239614702104	0.0
Q15645	Q9H0W9	0.100443781596	0.0359494312835	0.104635268323	0.49863544606	0.470928830747	0.0
Q9H6S3	Q9NQX6	0.0432027283198	0.0980753661515	0.0187331584839	0.561368455784	0.571858234809	0.174060135717
O95777	Q9UK45	0.482779386833	0.429690623682	0.786229885714	0.860354441939	0.974274942495	0.0
P26641	Q5T3J3	0.100443781596	0.126187098019	0.0516206996679	0.702151799332	0.812991346835	0.0
Q92785	Q9H9D4	0.100443781596	0.16341796048	0.145221161737	0.787101376081	0.719244560637	2.27744937457
O60683	P56589	1.0	0.708610202036	0.0516206996679	0.601797413867	0.901142321016	0.0
O75175	P31150	0.185386444388	0.326088890069	0.0516206996679	0.885329596633	0.657011654345	0.0
P02765	Q9Y6Q1	0.0357052617221	0.245949145255	-0.0	0.75523758741	0.441354486763	0.0
P25963	Q93096	0.131591701596	0.212173990169	-0.0	0.64916382322	0.36389138082	0.0
P62879	Q70SY1	0.184824903342	0.150799297205	0.0187331584839	0.611126809796	0.253155460209	0.0
Q15329	Q8TAK5	0.100443781596	0.297904749157	0.108559407569	0.656634918387	0.575757519607	1.74522202213
P18847	P41240	0.0432027283198	0.257099832203	0.839307851948	0.477992976196	0.34121367426	-0.863410062533
Q16526	Q9H469	0.057594032682	0.303757123669	0.113264575631	0.543238796329	0.27903619366	0.0
P10276	Q92786	0.100443781596	0.785978498516	0.670278162725	0.706998134528	0.399028266595	2.05694234044
P25963	Q92785	0.136226702725	0.224136368673	0.0516206996679	0.618831944677	0.859413882521	1.02559479745
P62879	Q9UHR5	0.0843300250393	0.0510737267946	0.0516206996679	0.835462416709	0.284810593285	0.0
Q15645	Q9BSH5	0.0432027283198	0.0359494312835	0.0516206996679	0.580223609623	0.596318936862	0.0
Q70SY1	Q8TBX8	0.0701411784845	0.0532108214374	0.108559407569	0.694578411296	0.331799443228	0.0
P14373	P17612	0.191439491079	0.39840973521	0.324934946398	0.662282492848	0.858464648984	1.3351569482
P67775	Q92572	0.163828195975	0.312630939073	0.0516206996679	0.900430359619	0.95177833604	0.0
O75190	P02533	0.185386444388	0.702731584142	0.0516206996679	0.481084988195	0.203830646099	0.0
O96011	P56589	1.0	0.640391841986	0.740093730544	0.814837729845	0.919615116659	0.0
P36915	Q9UH92	0.100443781596	0.0510737267946	0.108559407569	0.668969159511	0.640053583707	-0.462825962762
Q49AN0	Q9Y297	0.100443781596	0.461991915931	0.113264575631	0.752617113498	0.908539720004	0.0
Q8TBX8	Q9UHX1	0.057594032682	0.0532108214374	0.839307851948	0.752869202279	0.850819422232	3.26844595576
Q13541	Q8WVB6	0.191439491079	0.239999503735	0.0187331584839	0.793134651298	0.762439786473	0.0
P35590	Q9Y5C1	0.0131748391633	0.459815161374	0.0516206996679	0.701140202234	0.35962161943	4.58428096552
Q01130	Q02040	0.507087708384	0.392366587105	0.297026619547	0.836240966116	0.938117710802	1.30245721167
P41240	Q8TBX8	0.190621273174	0.22386450012	0.839307851948	0.75538778751	0.749237131064	0.0
O95361	Q9ULZ3	0.150839924698	1.0	0.345516049415	0.609192468078	0.414546520022	2.48334861867
Q16526	Q8NHM5	0.100443781596	0.330740714642	0.113264575631	0.859898373978	0.541432298861	0.0
Q32MZ4	Q9UJU2	0.100443781596	0.34664595583	0.198933325764	0.608212938235	0.935119943267	0.0
O75175	Q9UDV6	0.100443781596	0.16341796048	0.0516206996679	0.794621318072	0.515640354166	0.0
P62879	Q9H6S3	0.190621273174	0.10133910367	0.273642972904	0.739511749707	0.252139412254	1.66118425602
Q09472	Q8NHW3	0.100443781596	0.265864794966	0.308408618446	0.325836696167	0.391882856065	3.15935573146
Q68DY1	Q9NQX6	0.100443781596	0.16341796048	0.198933325764	0.66722437312	0.992573395384	2.69705384227
P31150	Q9H9D4	0.0432027283198	0.0980753661515	0.0516206996679	0.773506613472	0.697707287282	0.0
Q9H6S3	Q9UDV6	0.0432027283198	0.0980753661515	0.0516206996679	0.692655467857	0.931269242921	0.174060135717
P07437	Q04724	0.185386444388	0.0726588804976	0.261720178239	0.684607289711	0.592662804692	0.0
P26641	P51693	0.165118719874	0.347726678351	0.0516206996679	0.406031764446	0.425405547619	0.0
P18847	P62879	0.151772715712	0.158816028816	0.0516206996679	0.609001953428	0.857713576842	0.0
Q16526	Q9UK97	0.057594032682	0.303757123669	0.113264575631	0.662805561776	0.675622157919	0.0
O43739	P10276	0.24721271488	0.399302775382	0.337695953422	0.712445746426	0.624230001101	0.0
Q14565	Q9BXW9	0.465018294934	0.628624987512	0.0516206996679	0.777857830877	0.970370464028	0.938248524682
Q8N2W9	Q9P2H0	0.0843300250393	0.0326145563799	0.0516206996679	0.604485481114	0.575057397594	0.0
P62879	Q9UDV6	0.0432027283198	0.0510737267946	0.0516206996679	0.751085382201	0.254088018511	3.05925843484
Q16254	Q8TAK5	0.100443781596	0.297904749157	0.342556270367	0.518045582825	0.750017065244	1.74522202213
Q15797	Q9UPN9	0.191439491079	0.500178919592	0.988128721457	0.744925998052	0.833985759772	2.57342102811
P02545	P49069	0.165118719874	0.179801346863	0.0516206996679	0.513490998211	0.532081899875	0.0
P35609	Q13418	0.469840543365	0.498645599675	0.522548745229	0.560090071015	0.621986462304	2.2784974972
O00463	Q8TDR0	0.374943884798	0.179801346863	0.0516206996679	0.700700331159	0.385070199903	0.0
O14776	Q5T3J3	0.444666069764	0.16341796048	0.365324326482	0.864554672599	0.974991945079	0.0
P31150	Q16828	0.185386444388	0.307975258461	-0.0	0.639725469001	0.470751425384	0.0
Q14192	Q9H6S3	0.057594032682	0.168109102971	0.0516206996679	0.659705742788	0.405119950605	0.0
P18847	Q9NQX6	0.100443781596	0.16341796048	0.108559407569	0.811886384066	0.268656071853	2.92000365306
P42229	Q8TAE8	0.150839924698	0.239999503735	0.0516206996679	0.660422638364	0.507850649833	0.0
P10827	Q92786	0.100443781596	0.610804369816	0.345516049415	0.804915922872	0.547298592769	2.05694234044
O75381	O96011	0.813787805743	0.640391841986	0.0516206996679	0.735221656849	0.820039015044	0.0
P62879	Q9H9D4	0.0432027283198	0.0510737267946	0.0516206996679	0.758059265952	0.488187785833	3.05925843484
Q8TAU0	Q9H2S9	0.100443781596	0.297904749157	0.308408618446	0.658242058329	0.267139616737	2.89614276809
Q14192	Q8TAU0	0.100443781596	0.300846691384	0.0187331584839	0.553970308276	0.399749305465	0.0
O75400	Q5T3J3	0.642585807213	0.120825604238	0.0516206996679	0.866854352349	0.977470592728	0.0
P23297	P31949	0.24721271488	0.278080685993	1.0	0.695559143899	0.261313370998	5.20748905747
O14640	P35222	0.60449829633	0.753381713895	0.359698514058	0.662815910422	0.909926617019	1.65783640482
O15116	O95777	0.33564169504	0.428492383174	0.297026619547	0.821368482315	0.944189529131	0.0
O60583	P28799	0.0432027283198	0.205693984161	0.0516206996679	0.377379108625	0.527070488354	0.0
Q14209	Q8TAK5	0.100443781596	0.16341796048	0.342556270367	0.469402735827	0.736111762511	1.74522202213
Q70SY1	Q9NQX6	0.100443781596	0.16341796048	0.108559407569	0.711997511437	0.340524867119	2.06188861167
P25963	P41240	0.185386444388	0.550611841633	0.839307851948	0.704685715236	0.858002939309	1.92037558174
P30260	P50750	0.304128422095	0.452540061751	0.0516206996679	0.653192109262	0.662203272862	2.88820643315
P63104	Q01814	0.349744495138	0.352925869737	0.108559407569	0.343301079442	0.671766737585	0.0
P41240	Q92785	0.057594032682	0.10133910367	0.108559407569	0.855509192378	0.933453921372	-1.41080790491
Q9P2H0	Q9UKY1	0.0843300250393	0.153338878422	0.0516206996679	0.695650261955	0.526442373471	0.0
O14640	P48729	0.293049690842	0.500979295722	0.0516206996679	0.581616566769	0.567804513934	2.19628797578
O43542	Q9BXW9	0.322306247091	0.431310307765	0.0516206996679	0.730777928533	0.737052991851	0.938248524682
O60683	O75192	1.0	0.640391841986	0.0516206996679	0.688660708476	0.665179766611	0.0
P41240	Q9H6S3	0.190621273174	0.24263759667	0.0516206996679	0.634095706084	0.113467957837	3.4304908146
P49023	Q9HBI1	0.689742286581	0.589741712233	0.31475641821	0.75198363499	0.249898286097	0.0
P63167	Q7LDG7	0.24721271488	0.217189528539	0.273642972904	0.413066123862	0.291718774343	0.0
Q70SY1	Q8TAU0	0.100443781596	0.297904749157	0.308408618446	0.634871765878	0.404173625029	0.265391132257
Q70SY1	Q92785	0.100443781596	0.16341796048	1.0	0.707371422331	0.576611144812	1.80529164071
Q8TAU0	Q9H9D4	0.100443781596	0.16341796048	0.108559407569	0.635182955956	0.554834792194	2.89614276809
P31150	Q9H6S3	0.24721271488	0.561690261868	0.273642972904	0.700324114535	0.162569669678	0.0
P28328	Q9Y5Y5	1.0	0.736200566531	0.0516206996679	0.587429401759	0.962168758278	0.0
Q70SY1	Q9UHR5	0.100443781596	0.16341796048	0.0187331584839	0.696383177745	0.566620575004	0.0
P43004	Q15050	0.0131748391633	0.185623789345	0.0516206996679	0.464487353809	0.295720313343	0.0
Q16828	Q9H2S9	0.100443781596	0.202821956322	-0.0	0.597968892629	0.418263143481	0.0
P18847	Q68DY1	0.100443781596	0.16341796048	0.108559407569	0.446229443674	0.329629951345	2.92000365306
Q93096	Q9H9D4	0.0432027283198	0.0662235027739	-0.0	0.46923709039	0.754931827062	0.0
O14776	P07196	0.22783656183	0.142079677533	0.0516206996679	0.571777458492	0.257089656381	0.0
P36915	P62879	0.289209631681	0.10133910367	0.431565319688	0.675388656299	0.962106909218	-0.366979265539
P84022	Q01094	0.422871886816	0.464779290153	0.365324326482	0.591785293443	0.694179057153	0.517168851787
P25963	Q9NQX6	0.100443781596	0.16341796048	0.0187331584839	0.78850348161	0.488303725706	-0.96473734084
Q53GS9	Q8WWY3	0.482779386833	0.473625526256	0.0187331584839	0.89242166477	0.983737558255	0.0
O43502	Q9BXW9	0.322306247091	0.613168791501	0.0516206996679	0.8190056737	0.825019601115	0.938248524682
P25963	P36915	0.100443781596	0.239619055162	0.0187331584839	0.647467430455	0.709261197312	0.132773133258
Q14746	Q9UP83	0.737951649154	0.868727051833	0.0516206996679	0.820754411758	0.989871069438	0.0
O00623	P56589	1.0	0.708610202036	0.0516206996679	0.863991959546	0.741643786149	0.0
O75190	P17661	1.0	0.342089771059	0.0516206996679	0.487918123133	0.34918469786	0.0
O75446	Q06330	0.191439491079	0.404201216088	0.108559407569	0.755846392783	0.804698243913	0.0
O96011	P28328	1.0	0.640391841986	0.0516206996679	0.869076869615	0.904482355955	0.0
P01112	P28482	0.260772124895	0.916013074052	0.245644121197	0.658215658544	0.742146309338	2.95303963201
P25963	Q9UHX1	0.151772715712	0.224136368673	0.839307851948	0.63458196782	0.823705639001	0.0
P26641	Q9UKY1	0.100443781596	0.126187098019	0.108559407569	0.72923486683	0.505791809914	0.0
Q92968	Q9Y5Y5	1.0	0.901756778566	0.0516206996679	0.582546332734	0.861610844767	0.0
Q8TAU0	Q93096	0.0432027283198	0.271834754088	-0.0	0.482281014987	0.834290563546	0.0
Q9H2S9	Q9UH92	0.100443781596	0.29037856381	1.0	0.585305124211	0.427545561725	1.4314346257
P18847	Q9UH92	0.100443781596	0.330740714642	1.0	0.538478920316	0.317581010037	1.60152292371
P35241	Q14185	0.0843300250393	0.266684957315	0.0516206996679	0.597166659278	0.595200397969	3.57872084126
Q16526	Q9UKT4	0.100443781596	0.496267885098	0.372876874192	0.865008431118	0.484759010012	0.0
Q8TAU0	Q8TBX8	0.0432027283198	0.399902472788	0.108559407569	0.577733057682	0.428949676836	0.0
P63244	Q08493	0.24721271488	0.75068631948	0.0187331584839	0.465108626693	0.113921299308	0.0
Q8TAU0	Q92785	0.100443781596	0.16341796048	0.308408618446	0.529522214629	0.622359165008	2.24003563229
P62879	Q14192	0.469840543365	0.305543754821	0.0516206996679	0.606271972747	0.259914331031	0.0
Q13309	Q49AN0	0.100443781596	0.50676342779	0.113264575631	0.384152884622	0.311023863433	0.0
P36915	Q9H9D4	0.100443781596	0.0510737267946	0.108559407569	0.791364152482	0.347099113823	-0.4581339453
Q68DY1	Q9H6S3	0.0432027283198	0.0980753661515	0.0187331584839	0.690182853433	0.530886109059	0.174060135717
O75376	Q92786	0.100443781596	0.461991915931	0.670278162725	0.587081298848	0.40111765406	0.955482874246
P21246	Q5T3J3	0.0432027283198	0.0980753661515	0.257432963616	0.381835863436	0.96031114999	0.0
Q8TBX8	Q9UDV6	0.0432027283198	0.0532108214374	0.839307851948	0.775226025561	0.353603533678	0.0
Q16828	Q70SY1	0.100443781596	0.234135003592	-0.0	0.676636407581	0.31848424229	0.0
Q13642	Q14192	0.469840543365	0.352735586956	0.268422622616	0.736850783028	0.732339904258	0.0
O75381	Q9Y5Y5	0.813787805743	0.736200566531	0.0516206996679	0.835731109919	0.917161081998	0.0
P25963	Q68DY1	0.100443781596	0.16341796048	0.0187331584839	0.438886554659	0.464866329576	-0.96473734084
P36915	Q8TAU0	0.100443781596	0.30834499336	0.108559407569	0.653246426507	0.519266470306	-1.51768765032
P36915	Q9H6S3	0.139677508839	0.204023827159	0.0187331584839	0.780205550895	0.19238761819	1.08421082857
Q14192	Q93096	0.22783656183	0.120785733017	-0.0	0.651532131518	0.213906961111	1.53677305212
P98170	Q13077	0.057594032682	0.341066401286	0.268422622616	0.563796901006	0.917909356776	1.97264810353
O75558	Q13643	0.057594032682	0.164387944103	0.0516206996679	0.724367093595	0.493214667812	0.0
Q13077	Q8TDR0	0.057594032682	0.274110628361	0.0516206996679	0.553040140901	0.646278231165	0.0
Q96JB2	Q9UP83	0.737951649154	0.868727051833	0.0516206996679	0.853586574671	0.98481383033	0.0
Q9H2S9	Q9UDV6	0.100443781596	0.237799802729	0.839307851948	0.734034369008	0.35227351546	2.69705384227
P23769	Q04724	0.191439491079	0.473011507634	0.371730801067	0.653554814862	0.891983154488	0.655719829916
O75175	Q8TAU0	0.100443781596	0.194087146663	0.0187331584839	0.533616159181	0.477503477308	0.0
O75175	Q9UH92	0.100443781596	0.264485355879	0.0516206996679	0.703400291153	0.721623229195	0.0
Q14746	Q8WTW3	0.737951649154	0.868727051833	0.0516206996679	0.805982683328	0.989720779831	0.0
P31150	Q14192	0.057594032682	0.220709575853	0.0516206996679	0.606080604592	0.290674778527	0.0
Q8TBX8	Q9H2S9	0.0432027283198	0.0532108214374	0.839307851948	0.695948399124	0.652794677286	0.0
Q49AN0	Q9Y2K7	0.100443781596	0.320520472976	0.308408618446	0.735988964428	0.676052143947	0.0
P27348	Q01814	0.282872737094	0.331511113852	0.0516206996679	0.285101640842	0.753739734946	0.0
P62879	Q9UH92	0.057594032682	0.467644317018	0.0516206996679	0.818216959525	0.365492609626	1.20242026186
Q01844	Q96AX2	0.131591701596	0.0510737267946	0.203400839336	0.582481939249	0.295278674112	0.107655515886
Q8TBX8	Q9H9D4	0.0432027283198	0.0532108214374	0.839307851948	0.733514457587	0.282107450822	0.0
Q8TBX8	Q93096	0.190621273174	0.182598635561	0.113264575631	0.69810732751	0.537422576804	0.0
Q15029	Q8WWY3	0.650568613732	0.392366587105	0.297026619547	0.946006760155	0.984955862972	0.0
P18847	Q8TBX8	0.0432027283198	0.11973473879	0.839307851948	0.487792540464	0.576941166403	0.0
P31150	P62879	0.151772715712	0.150799297205	0.540509534656	0.849679527475	0.974504796286	0.0
P62879	Q9H2S9	0.0432027283198	0.0510737267946	0.0516206996679	0.599068782649	0.206659394702	3.05925843484
P04150	Q92786	0.100443781596	0.593623222451	0.372876874192	0.474956571563	0.288757228933	2.05694234044
P43004	Q9UJV9	0.0701411784845	0.209542243995	0.0516206996679	0.408078220433	0.252360651311	0.0
P21246	P26641	0.251356444964	0.0726588804976	0.0516206996679	0.497397364784	0.349020397482	0.0
Q6ZVM7	Q7Z3T8	0.0432027283198	0.294395741387	0.0516206996679	0.454511022624	0.874898860843	2.40880048082
Q9H9D4	Q9UHX1	0.100443781596	0.16341796048	0.839307851948	0.825538850912	0.471463591317	0.0
P55854	Q5T3J3	0.163005080427	0.0980753661515	0.0516206996679	0.734525119009	0.955906137523	0.0
Q6P2Q9	Q8WWY3	0.633889368881	1.0	0.297026619547	0.872032850673	0.977138833913	0.0
P25963	P62879	0.151772715712	0.369864900058	0.306578272862	0.744856396257	0.426420096292	2.72727993883
Q01094	Q15796	0.552309736783	0.438493566581	0.365324326482	0.402254476226	0.598362268121	0.517168851787
Q8TAU0	Q9H6S3	0.0432027283198	0.168109102971	0.0187331584839	0.554700325287	0.371193091229	0.0
Q49AN0	Q8NHM5	0.100443781596	0.330740714642	0.113264575631	0.592108051466	0.552887455615	0.0
P63146	P63165	0.191439491079	0.389337382998	1.0	0.907402483845	0.844960225782	1.46322697286
Q14192	Q16828	0.191439491079	0.304468056087	-0.0	0.676719804185	0.362927334891	1.53677305212
P27361	Q49A26	0.260772124895	0.182598635561	0.203400839336	0.823522173797	0.744136093495	2.84689406462
P18847	Q9UHX1	0.191439491079	0.224136368673	0.839307851948	0.59485566685	0.488556445102	0.0
P26641	Q8N2W9	0.100443781596	0.126187098019	0.108559407569	0.670366057506	0.740884344375	0.0
P31150	Q68DY1	0.0432027283198	0.0980753661515	0.0187331584839	0.606882472753	0.403290450425	0.0
Q9H6S3	Q9UHR5	0.0432027283198	0.120785733017	0.0516206996679	0.671847522723	0.208221627086	0.0
O15169	Q13485	0.293049690842	0.729528385049	1.0	0.473581102069	0.764575447334	-1.11657303488
O60936	P84103	0.150839924698	0.429690623682	0.244817701945	0.370868316541	0.180196638709	0.0
Q13309	Q16526	0.100443781596	0.50676342779	0.113264575631	0.763686512393	0.461601292041	0.0
P06241	P17252	0.244477973309	0.502598979804	0.324934946398	0.729560016869	0.901134460253	4.02925836072
Q13158	Q8IUC6	0.801195862222	0.726485730584	0.24880721933	0.706195164909	0.532155402145	2.26519730112
Q14192	Q70SY1	0.100443781596	0.268345167919	0.0187331584839	0.663215328507	0.345875387064	0.0
P36915	Q9UHX1	0.100443781596	0.0510737267946	0.203400839336	0.668415860867	0.871267881549	0.107655515886
O75175	P25963	0.185386444388	0.336096941257	0.0516206996679	0.616490017241	0.85535842521	0.0
P07196	P55854	0.163005080427	0.185623789345	0.0516206996679	0.601449459584	0.308719076685	0.0
O75192	Q92968	1.0	0.640391841986	0.0516206996679	0.792153067488	0.978815867996	0.0
O75643	Q8WWY3	0.633889368881	0.473625526256	0.297026619547	0.899466568453	0.977368743641	0.0
P26641	Q9P2H0	0.057594032682	0.0114820724314	0.0516206996679	0.555402700248	0.72442650852	0.0
O75192	O75381	0.813787805743	0.640391841986	0.0516206996679	0.699757937543	0.829196149877	0.0
Q15750	Q9BYM8	0.151772715712	0.501785949376	0.113264575631	0.647624310353	0.88591637962	3.09775187935
P07948	P17252	0.393764919323	0.744432784011	0.324934946398	0.607995054164	0.737229736377	4.02925836072
P36915	Q9H2S9	0.100443781596	0.0510737267946	0.108559407569	0.813539170377	0.517825655408	-0.4581339453
O14776	P51693	0.0432027283198	0.269777729247	0.0516206996679	0.341487950244	0.504156236798	0.0
O75558	Q14192	0.057594032682	0.10133910367	0.0516206996679	0.565556640306	0.364134784795	0.0
P51693	Q8N2W9	0.057594032682	0.269777729247	0.24977705383	0.687181489801	0.897942919245	0.0
O15350	Q76N89	0.185386444388	0.280030906129	-0.0	0.857452863794	0.435586199435	3.77404786284
P17948	P24666	0.139677508839	0.182598635561	0.113264575631	0.35728065134	0.677589390372	0.0
P45983	Q9BUB5	0.185386444388	0.452540061751	0.324934946398	0.617812259308	0.535697716564	3.02170335247
Q16828	Q9H6S3	0.057594032682	0.194209172954	-0.0	0.380329209094	0.577395792719	1.77086142719
P18847	Q16828	0.191439491079	0.34664595583	-0.0	0.708052562938	0.46509454671	0.0
O14776	Q9P2H0	0.22783656183	0.0114820724314	0.0516206996679	0.650410343174	0.684359148846	0.0
P25963	Q9UHR5	0.100443781596	0.224136368673	0.0516206996679	0.753144618273	0.714374658826	0.0
P41240	Q70SY1	0.251759994337	0.430902989159	0.108559407569	0.663949428215	0.511460914056	-0.863410062533
Q12873	Q9P2H0	0.374943884798	0.511103641984	0.0516206996679	0.712051331828	0.58191005405	0.0
Q16526	Q9Y2K7	0.100443781596	0.320520472976	0.308408618446	0.724328246757	0.139959873545	0.0
O15315	Q9BXW9	0.322306247091	0.461991915931	0.0516206996679	0.741260425185	0.891452717049	0.938248524682
Q92786	Q9Y618	0.100443781596	0.435900627223	0.670278162725	0.677791254627	0.510486475948	0.955482874246
P07196	P26641	0.185386444388	0.0726588804976	0.0516206996679	0.613814953631	0.215334215423	3.7354704793
P78352	Q05586	1.0	1.0	0.696619076009	0.883552519449	0.983630483198	5.61347203858
O75175	Q68DY1	0.100443781596	0.16341796048	0.0187331584839	0.678096891215	0.885268325652	0.0
Q13185	Q13263	1.0	0.29037856381	0.345516049415	0.739044282169	0.98597896042	3.79756824075
Q13976	Q9Y6F6	0.165118719874	1.0	0.0516206996679	0.907687582763	0.987573616739	0.0
Q92785	Q9UH92	0.100443781596	0.16341796048	0.440136899325	0.796108864258	0.658453686865	1.21342780003
P51965	P63165	0.191439491079	0.496267885098	0.409609540257	0.917105004158	0.751391529112	1.46322697286
O60716	Q9UBT7	0.185386444388	0.256875028149	0.661182385082	0.532370321581	0.834874688584	2.19127445139
O75175	P18847	0.163005080427	0.264485355879	0.0516206996679	0.523877737231	0.658410577216	0.0
P36915	Q9UHR5	0.100443781596	0.0510737267946	0.0187331584839	0.690959308896	0.782012381856	0.0
P51693	Q12873	0.057594032682	0.154273115587	0.24977705383	0.65887444326	0.761644084778	0.0
O75175	Q92785	0.163005080427	0.16341796048	0.0516206996679	0.763020615685	0.98129383438	0.0
P25963	Q14192	0.100443781596	0.416511105994	0.839307851948	0.666201211333	0.33951599703	1.78825960779
Q86T24	Q9P1Z0	0.100443781596	0.29037856381	0.753492302507	0.690108127425	0.961261514912	3.53046521272
Q9UDV6	Q9UHX1	0.100443781596	0.16341796048	0.839307851948	0.809928768516	0.272561264237	0.0
O75175	Q70SY1	0.100443781596	0.16341796048	0.0187331584839	0.613784757372	0.567545090049	0.0
P08621	Q02040	0.507087708384	0.754730693255	0.297026619547	0.866204448986	0.958291432229	1.30245721167
P07196	Q9P2H0	0.24721271488	0.347726678351	0.0516206996679	0.618433767108	0.394245286208	0.0
Q01094	Q06547	0.191439491079	0.334333334598	0.342556270367	0.701517519995	0.367752628362	1.74522202213
P49736	Q13415	1.0	0.643556639801	0.269617435315	0.931505129171	0.705120750753	2.46643949877
P31150	Q9NQX6	0.0432027283198	0.0980753661515	0.0187331584839	0.679781495928	0.401552301922	0.0
P36915	Q9NQX6	0.100443781596	0.0510737267946	0.108559407569	0.714722876972	0.911823752347	-0.4581339453
Q49AN0	Q8NEZ5	0.100443781596	0.386131477299	0.113264575631	0.465166906419	0.720290496106	0.0
Q8TAU0	Q9UHR5	0.100443781596	0.16341796048	0.0187331584839	0.474350827819	0.766044770715	0.0
O60907	P09874	0.191439491079	0.330740714642	0.365324326482	0.643710428787	0.949594848825	1.00755946339
O75192	Q9Y5Y5	1.0	0.887010128091	0.0516206996679	0.703086873854	0.829089960738	0.0
O95777	Q9Y4Y9	0.482779386833	0.392366587105	0.244817701945	0.937346162105	0.978448037844	0.0
Q07820	Q92843	0.492258443474	0.757853743296	1.0	0.752222467983	0.864300823674	4.89997596971
P31150	Q9UHR5	0.0432027283198	0.142079677533	0.0516206996679	0.814608713776	0.428652627096	0.0
Q01094	Q06546	0.191439491079	0.336096941257	0.342556270367	0.499543622045	0.502874837627	3.05391681405
Q9H2S9	Q9UHX1	0.100443781596	0.16341796048	0.839307851948	0.56877794255	0.830067298068	0.0
P28328	P56589	1.0	0.708610202036	0.0516206996679	0.867234838676	0.772747657064	0.0
P31150	Q9UDV6	0.0432027283198	0.0980753661515	0.0516206996679	0.713953363941	0.19224850071	0.0
P49768	Q96IZ0	0.22783656183	0.650194285595	0.345516049415	0.730012581911	0.673059423069	0.0
O75674	Q7Z3T8	0.395021248758	0.294395741387	0.0516206996679	0.705000920002	0.960209297631	2.40880048082
P06400	Q15796	0.552309736783	0.490304022431	1.0	0.84681571445	0.871403615667	0.0
O75190	P08670	0.185386444388	0.702731584142	0.108559407569	0.720299213508	0.826056859948	0.0
P31150	Q9H2S9	0.0432027283198	0.168109102971	0.0516206996679	0.693954791725	0.269788297187	0.0
P50570	Q9UKW4	0.190621273174	0.351413374631	0.104635268323	0.587528664324	0.861251776686	4.04650136199
Q70SY1	Q9H2S9	0.100443781596	0.297904749157	0.308408618446	0.656757930147	0.542039618314	2.06188861167
P25963	Q9H9D4	0.100443781596	0.16341796048	0.839307851948	0.694923014845	0.280582792781	-0.96473734084
Q16665	Q9Y6K9	0.185386444388	0.661030384273	1.0	0.583760832581	0.46249654168	0.0
Q93096	Q9UH92	0.057594032682	0.120785733017	-0.0	0.736182145172	0.489052091233	0.0
O75400	Q16891	0.0843300250393	0.169700220931	0.297026619547	0.856301662958	0.601728658242	0.0
P78347	Q13976	0.0701411784845	0.395487725789	0.108559407569	0.475142609254	0.205096895696	0.0
P18847	Q70SY1	0.100443781596	0.511994104807	1.0	0.669057765652	0.315833549869	2.50895161602
P31150	Q9UH92	0.057594032682	0.237118073237	0.0516206996679	0.718735284456	0.494023981303	1.08321964457
P07196	Q9UKY1	0.0843300250393	0.153338878422	0.0516206996679	0.572508933075	0.672489740427	0.0
P21246	Q9P2H0	0.057594032682	0.114935909455	0.0516206996679	0.700735391626	0.524741465112	0.0
P36915	Q68DY1	0.100443781596	0.0510737267946	0.108559407569	0.725951039962	0.91235487263	-0.4581339453
O14776	Q9UKY1	0.150839924698	0.330740714642	0.670278162725	0.863475835758	0.758410163925	0.0
O75175	P62879	0.151772715712	0.0510737267946	0.0516206996679	0.916942959955	0.621380481201	0.0
O75175	Q9H2S9	0.100443781596	0.264485355879	0.0516206996679	0.707505907012	0.94368248858	0.0
P62879	Q8TAU0	0.0432027283198	0.11973473879	0.0187331584839	0.489740396608	0.533038766965	1.07036575787
O60936	Q08170	0.150839924698	0.392366587105	0.244817701945	0.613714162029	0.418479204105	0.0
O75496	P49736	0.191439491079	0.410338384915	0.0516206996679	0.93849964385	0.330504822596	0.0
Q9H9D4	Q9UH92	0.100443781596	0.16341796048	0.839307851948	0.661252812032	0.39261976555	1.4314346257
P35606	Q08499	0.260772124895	0.237118073237	-0.0	0.516376335688	0.742879980965	0.0
Q16828	Q92785	0.191439491079	0.224136368673	-0.0	0.68429281935	0.567810258733	0.0
P83436	Q14746	0.737951649154	0.430902989159	0.0516206996679	0.852343743729	0.987328007679	0.0
P23634	P27348	0.151772715712	0.269777729247	0.0516206996679	0.644845803264	0.662396610846	0.0
Q16828	Q68DY1	0.100443781596	0.0980753661515	-0.0	0.533912013744	0.841045239977	0.0
P31150	Q8TBX8	0.057594032682	0.0359494312835	0.0516206996679	0.752858460199	0.800053094738	0.0
Q92785	Q9NQX6	0.100443781596	0.16341796048	0.268422622616	0.607756351316	0.792632346122	2.27744937457
O43353	Q5XLA6	0.057594032682	0.224136368673	-0.0	0.880622156412	0.708389854863	2.51499455571
P31150	Q9UHX1	0.260772124895	0.0980753661515	0.0516206996679	0.780227630412	0.528755367741	0.0
P26641	Q12873	0.100443781596	0.126187098019	0.244817701945	0.708548202062	0.758730546166	0.629903656946
Q16828	Q9UH92	0.100443781596	0.202821956322	-0.0	0.650834442335	0.97336350725	0.0
O60936	Q07955	0.150839924698	0.668945659088	0.244817701945	0.463771575479	0.317989764486	0.0
P42224	Q8TAE8	0.150839924698	0.317372523029	0.0516206996679	0.548738090803	0.688843782242	0.0
Q93096	Q9NQX6	0.0432027283198	0.0662235027739	-0.0	0.708621901467	0.294726290295	0.0
O60936	P62995	0.100443781596	0.4005056875	0.244817701945	0.418630085782	0.13505941151	0.0
P13569	P35523	0.600327712489	0.664911894491	0.560351475769	0.821896127914	0.352554256508	0.0
P18847	Q9UHR5	0.191439491079	0.34664595583	0.0516206996679	0.649986458464	0.377271613183	0.0
P10636	P49841	0.546215902415	0.646821924009	0.372876874192	0.545322017435	0.978293909061	2.48788048726
Q68DY1	Q9H9D4	0.100443781596	0.16341796048	0.198933325764	0.589437699656	0.478657970117	2.69705384227
P17980	Q16143	0.191439491079	0.314056703494	0.104635268323	0.488069103093	0.329937468868	0.0
P18847	Q9H2S9	0.100443781596	0.297904749157	1.0	0.556864265306	0.246712021433	2.92000365306
O75175	Q9H9D4	0.100443781596	0.16341796048	0.0516206996679	0.744458387173	0.602967604781	0.0
P00533	Q96B97	0.469840543365	0.613168791501	0.0516206996679	0.522159273243	0.162444124853	3.09025847767
P56589	Q92968	1.0	1.0	0.0516206996679	0.871665355946	0.793530192471	0.0
O96011	Q92968	1.0	0.640391841986	0.0516206996679	0.830152639997	0.610838265566	0.0
Q16526	Q9UKC9	0.057594032682	0.303757123669	0.603977993789	0.59815799531	0.512542939828	0.0
P27815	P63244	0.393764919323	0.75068631948	0.108559407569	0.486554851545	0.106994064271	0.0
P41240	Q9UHR5	0.0432027283198	0.202821956322	0.0516206996679	0.796873978278	0.927249122363	0.0
O00623	O75192	1.0	0.640391841986	0.0516206996679	0.813480869741	0.857570226314	0.0
O14776	P21246	0.0432027283198	0.202821956322	0.0516206996679	0.414986260653	0.622660218474	0.0
O14776	P26641	0.100443781596	0.126187098019	0.244817701945	0.774953192083	0.819344227955	0.0
O60784	O95405	0.460658296757	0.324199053749	0.0516206996679	0.653840349581	0.65003153072	2.40880048082
O60936	P63162	0.100443781596	0.392366587105	0.244817701945	0.594168726913	0.145295821764	0.0
O60936	Q01130	0.150839924698	0.429690623682	0.244817701945	0.412407786299	0.37860021261	0.0
P25963	P31150	0.185386444388	0.550611841633	0.24880721933	0.7267265651	0.300720058854	0.0
O75400	P26641	0.100443781596	0.120825604238	0.244817701945	0.798958951485	0.838839040419	0.0
Q68DY1	Q9H2S9	0.100443781596	0.16341796048	0.145221161737	0.613448885074	0.753977267313	2.69705384227
P84103	Q02040	0.191439491079	0.392366587105	0.297026619547	0.754155585773	0.927877346859	1.30245721167
P05771	P12931	0.190621273174	0.662841975951	0.606461971297	0.539708050417	0.866673025801	4.02925836072
P07196	P51693	0.057594032682	0.323195652487	0.839307851948	0.664119035329	0.915236921554	0.0
Q08999	Q8TAK5	0.100443781596	0.237799802729	0.108559407569	0.85529389611	0.877726004722	0.0
P18847	Q9H6S3	0.151772715712	0.179801346863	0.0516206996679	0.62984920877	0.223620258717	0.0
Q16828	Q9UHX1	0.191439491079	0.224136368673	-0.0	0.583437105395	0.820681561988	0.0
Q93096	Q9UHR5	0.22783656183	0.120785733017	-0.0	0.7308718	0.539793126901	0.0
O75190	P14136	0.185386444388	0.702731584142	0.0516206996679	0.439133876742	0.626750704307	0.0
Q49AN0	Q9H469	0.057594032682	0.179801346863	0.113264575631	0.767431254203	0.592799783169	0.0
P25963	Q16828	0.185386444388	0.595716982125	-0.0	0.701440331763	0.457216764597	0.0
P31269	P84022	0.191439491079	0.336096941257	0.308408618446	0.557808704844	0.559810544687	0.283222037931
Q92785	Q9H6S3	0.136226702725	0.10133910367	0.0516206996679	0.620006958979	0.283471842195	1.0320404529
Q68DY1	Q9UH92	0.100443781596	0.16341796048	0.108559407569	0.680030285789	0.825511406544	1.4314346257
Q16828	Q8TAU0	0.100443781596	0.239619055162	-0.0	0.500119229165	0.790644523325	0.0
P31150	Q8TAU0	0.0432027283198	0.194087146663	0.0187331584839	0.548762435876	0.608832393472	1.20933239727
Q92785	Q9UHR5	0.22783656183	0.224136368673	0.0516206996679	0.844522062475	0.979901454257	0.0
Q68DY1	Q9UDV6	0.100443781596	0.16341796048	0.198933325764	0.677092471397	0.473197683227	2.69705384227
Q9H2S9	Q9NQX6	0.100443781596	0.16341796048	0.145221161737	0.650807249381	0.725341775979	2.69705384227
O43395	Q8WWY3	1.0	1.0	0.297026619547	0.796004340642	0.983072055052	0.0
Q9UH92	Q9UHX1	0.100443781596	0.16341796048	0.839307851948	0.801225030151	0.936616275269	-0.66877053437
O75400	P21246	0.057594032682	0.338551659536	0.0516206996679	0.370457018181	0.449655867879	0.0
Q49AN0	Q9UKC9	0.057594032682	0.179801346863	0.603977993789	0.588349532031	0.754284533638	0.0
Q8TBX8	Q92785	0.057594032682	0.0532108214374	0.108559407569	0.777274163923	0.890085746295	0.0
Q9H6S3	Q9H9D4	0.0432027283198	0.0980753661515	0.0516206996679	0.763337384942	0.779439461869	0.174060135717
O14776	P55854	0.163005080427	0.0980753661515	0.0516206996679	0.768718928875	0.977175018687	0.755583892648
O60936	Q15424	0.150839924698	0.20357705055	0.244817701945	0.673990095869	0.260799515138	0.0
O75175	Q9H6S3	0.151772715712	0.0980753661515	0.0516206996679	0.724077678196	0.155969249866	0.0
O75190	P13647	0.185386444388	0.204023827159	0.0516206996679	0.506046651849	0.23538291325	0.0
P46108	Q9H2B2	0.163828195975	0.285617647619	0.0516206996679	0.42308961147	0.223106115858	1.27934298739
Q68DY1	Q93096	0.0432027283198	0.0662235027739	-0.0	0.573737598758	0.327635391564	0.0
P63244	Q07343	0.393764919323	0.75068631948	0.108559407569	0.608285704564	0.142945236058	0.0
O75192	O96011	1.0	0.887010128091	1.0	0.792086990742	0.517975187534	0.0
Q68DY1	Q8TAU0	0.100443781596	0.16341796048	0.108559407569	0.550976940071	0.585674501248	2.89614276809
O75192	P56589	1.0	0.887010128091	0.740093730544	0.783796282511	0.779845989957	0.0
P36915	Q92785	0.100443781596	0.10133910367	0.108559407569	0.609884164256	0.881084525502	0.684453925682
P06703	P23297	0.24721271488	0.263044662558	1.0	0.698943764291	0.325500057899	5.20748905747
P35609	Q9BYV2	1.0	0.24006304888	0.31475641821	0.852582015065	0.967396403608	2.73846673984
O75175	Q93096	0.163005080427	0.11999153746	-0.0	0.528392490516	0.654454456221	0.0
P36915	Q14192	0.100443781596	0.10133910367	0.104635268323	0.604544618338	0.309358228951	0.0
O75175	Q9UHX1	0.33564169504	0.369864900058	0.0516206996679	0.819957162727	0.956606766782	2.7331286573
P20338	Q6WKZ4	0.324892843902	0.25399642996	0.0516206996679	0.66607466041	0.366086298644	3.12433742585
O75771	Q9BXW9	0.322306247091	0.461991915931	0.0516206996679	0.795619287033	0.413306791824	0.938248524682
P62879	Q9NQX6	0.0432027283198	0.0510737267946	0.0187331584839	0.531464856386	0.470784928825	3.05925843484
P63165	Q16763	0.151772715712	0.389337382998	1.0	0.796097740231	0.786317100129	1.46322697286
Q16828	Q93096	0.0843300250393	0.528446119285	0.525557790131	0.725298455857	0.387775787031	1.66801598756
P21246	Q16891	0.057594032682	0.0726588804976	0.0516206996679	0.451752774284	0.619130950814	0.0
P25963	Q8TBX8	0.0701411784845	0.0532108214374	0.839307851948	0.55386242314	0.842311421725	0.0
Q49AN0	Q9UK97	0.057594032682	0.179801346863	0.113264575631	0.524361795434	0.861361730802	0.0
P41240	Q9UH92	0.057594032682	0.237118073237	0.839307851948	0.804861495742	0.393538704551	-1.5161785591
Q93096	Q9H2S9	0.0432027283198	0.120785733017	-0.0	0.469049142381	0.418228785952	0.0
Q9UDV6	Q9UH92	0.100443781596	0.237799802729	0.839307851948	0.682095533733	0.502145024241	1.4314346257
P62879	Q93096	0.190621273174	0.0510737267946	0.197542098494	0.699573262994	0.878004402957	0.0
Q12933	Q8TDR0	0.151772715712	0.34664595583	0.306578272862	0.583090942294	0.972263362874	0.0
P18847	Q93096	0.163005080427	0.133431517334	-0.0	0.816520793374	0.956311149953	0.0
P35240	Q92558	0.689742286581	0.474243232699	0.57059092948	0.571757342092	0.362628683481	1.33125144561
P23634	P63104	0.151772715712	0.352925869737	0.24880721933	0.743213721581	0.524613685508	0.0
P36915	Q16828	0.100443781596	0.239619055162	0.197542098494	0.446693422594	0.622623482208	0.678307158933
O95819	P62834	0.057594032682	0.686877523753	0.245644121197	0.749795598407	0.552873853677	2.65966897873
P19793	Q92786	0.100443781596	0.785978498516	0.372876874192	0.582578707112	0.838261997323	2.05694234044
Q68DY1	Q8TBX8	0.0432027283198	0.0532108214374	0.108559407569	0.541327675187	0.848226403638	0.0
P24941	Q9UBD5	0.322306247091	0.435900627223	0.108559407569	0.670472847745	0.708179782036	0.0
P31269	Q15796	0.191439491079	0.336096941257	0.308408618446	0.316600045255	0.732897791411	0.283222037931
Q16828	Q8TBX8	0.057594032682	0.22386450012	0.113264575631	0.617365804823	0.673389420631	0.0
O15169	Q99717	0.185386444388	0.458212305863	1.0	0.407096909635	0.880211568746	-1.11657303488
O60885	P12004	0.398929680652	0.715951097475	0.371730801067	0.417861541659	0.827158999184	0.0
O60936	Q13247	0.150839924698	0.668945659088	0.244817701945	0.608694605743	0.283290164691	0.0
O75175	Q16828	0.185386444388	0.291211344179	-0.0	0.537826402346	0.804850931262	0.0
O75558	Q13642	0.131591701596	0.169700220931	0.0516206996679	0.742447546331	0.555550822036	0.0
P05771	P06241	0.185386444388	0.502598979804	0.47263771903	0.855300106083	0.938728663948	4.02925836072
P62879	Q16828	0.0843300250393	0.254653606724	0.197542098494	0.64694470313	0.29577737214	0.0
P24666	P35590	0.129717437635	0.182598635561	0.113264575631	0.390019017942	0.600389785851	0.0
Q13075	Q9NR28	0.151772715712	0.453548381726	0.0516206996679	0.450635681842	0.379884324446	2.99667763525
Q99459	Q9UBD5	0.398929680652	0.371221154617	0.108559407569	0.8398792154	0.948519134612	0.0
O75175	Q9UHR5	0.163005080427	0.264485355879	0.0516206996679	0.775299410595	0.976416000961	0.0
P18847	P31150	0.151772715712	0.179801346863	0.0516206996679	0.576801874783	0.919151646976	0.0
Q5T3J3	Q9UKY1	0.150839924698	0.16341796048	0.0516206996679	0.863372649135	0.834876487155	0.0
P07196	Q5T3J3	0.22783656183	0.0510737267946	0.0516206996679	0.589425542797	0.394906774541	0.0
P50570	P52735	0.185386444388	0.351413374631	0.104635268323	0.780469129037	0.536670671397	4.04650136199
P35221	Q9UBT7	0.22783656183	0.8050057337	0.758510256297	0.671626028027	0.778433675942	2.83291747032
P51693	Q9UKY1	0.0432027283198	0.269777729247	0.145221161737	0.351496863284	0.439820348385	0.0
O15530	P56279	0.129717437635	0.220709575853	0.0516206996679	0.541059917419	0.462069789875	0.0
Q8TBX8	Q9UH92	0.057594032682	0.11973473879	0.839307851948	0.799132645384	0.645843246881	0.0
P01112	Q16539	0.185386444388	0.766532665305	0.245644121197	0.572346887074	0.761951846289	2.65449022352
P51693	P55854	0.139677508839	0.206424699942	0.0516206996679	0.467691026571	0.454160698004	0.0
Q14746	Q96MW5	0.737951649154	0.235707076031	0.0516206996679	0.936589339749	0.931377670934	0.0
P35222	P62136	0.42250531835	0.473011507634	0.261720178239	0.622314988075	0.25564948915	1.96873631847
P06753	P60981	0.444666069764	0.342089771059	0.57059092948	0.575399029387	0.883843001897	0.0
Q969S8	Q9UBN7	0.797815784796	1.0	1.0	0.891521470997	0.773174635681	3.16289153889
P51843	Q92786	0.100443781596	0.544300179674	0.670278162725	0.747758930862	0.482941346382	1.66922266
P45983	Q49A26	0.191439491079	0.182598635561	0.203400839336	0.71572209547	0.705270767205	2.20623969042
P51693	Q16891	0.121298388031	0.0726588804976	0.0516206996679	0.442906321801	0.781116633378	0.0
Q70SY1	Q9H9D4	0.100443781596	0.16341796048	0.108559407569	0.601333663465	0.319480700561	2.06188861167
P36915	Q8TBX8	0.139677508839	0.0359494312835	0.245644121197	0.599083706106	0.980264597917	0.0
P25963	Q9UH92	0.100443781596	0.386131477299	0.839307851948	0.562044419634	0.33814060225	-0.239100308557
Q16526	Q9Y297	0.100443781596	0.461991915931	0.113264575631	0.582966936039	0.207311473095	0.0
O96011	Q9Y5Y5	1.0	0.640391841986	0.0516206996679	0.751841946011	0.858774437343	0.0
P62879	Q68DY1	0.0432027283198	0.0510737267946	0.0187331584839	0.556582779455	0.495211524873	3.05925843484
Q9H2S9	Q9H9D4	0.100443781596	0.16341796048	0.839307851948	0.760079002803	0.792044602855	2.69705384227
P40425	Q9BQG0	0.151772715712	0.16341796048	0.365324326482	0.747393403312	0.965007017282	1.82871404317
Q8TBX8	Q9NQX6	0.0432027283198	0.0532108214374	0.108559407569	0.525824461175	0.853060203601	0.0
O60683	Q9Y5Y5	1.0	0.736200566531	0.0516206996679	0.864973059724	0.872505850918	0.0
Q68DY1	Q92785	0.100443781596	0.16341796048	0.145221161737	0.611882805063	0.78322529686	2.27744937457
Q16828	Q9H9D4	0.100443781596	0.0980753661515	-0.0	0.504764908089	0.254462937913	0.0
P25963	Q9H6S3	0.151772715712	0.24263759667	0.0516206996679	0.602377553808	0.279388970502	1.26875921574
P55854	Q16891	0.0843300250393	0.0423561262832	0.0516206996679	0.811468293845	0.598273968892	0.0
P02765	P07384	0.190621273174	0.245949145255	-0.0	0.52946601814	0.486724377444	0.0
Q8TAU0	Q9NQX6	0.100443781596	0.16341796048	0.108559407569	0.557795383371	0.494217206884	2.89614276809
O75175	P41240	0.185386444388	0.214328975579	0.0516206996679	0.804086447125	0.936449231763	0.0
O75400	P55854	0.440611791022	0.114166774934	0.0516206996679	0.751401688403	0.9751049668	0.755583892648
P62879	Q8TBX8	0.190621273174	0.11973473879	0.113264575631	0.686440815664	0.828671578787	0.0
Q16828	Q9NQX6	0.100443781596	0.0980753661515	-0.0	0.600192872993	0.8657802891	0.0
O00512	Q9NQB0	0.191439491079	0.557336315472	0.572459771429	0.641165320799	0.943706894668	0.0
O14746	P61769	0.151772715712	0.418293608386	0.839307851948	0.526898428219	0.517282075483	0.0
O14810	P60880	0.9237875149	0.613168791501	0.697306683325	0.813122282113	0.992081014268	3.19911258302
O75865	Q9Y296	0.260772124895	0.25399642996	0.0516206996679	0.851140398698	0.533097948537	3.64317468352
P00403	P61769	0.190621273174	0.0662235027739	0.0187331584839	0.876125587709	0.234006392498	1.44037551443
P00734	P02675	0.516824276122	0.434628266909	0.257432963616	0.873442011467	0.634459694761	0.0
P00746	P01024	0.268729117795	0.728578723623	-0.0	0.78043125878	0.983100629103	5.68044244704
P01019	P12821	0.268729117795	0.887010128091	0.438745357386	0.69916525142	0.71927653677	0.0
P02771	P61769	0.289209631681	0.205693984161	0.0187331584839	0.543147771372	0.379880923783	4.20823405627
P04626	P61769	0.395021248758	0.558735627039	0.839307851948	0.475424005045	0.806259599571	2.64809546884
P06241	Q13291	0.387881324379	0.318729374023	0.0516206996679	0.871703629927	0.285133059071	2.31333906116
P07910	P61769	0.190621273174	0.169700220931	0.839307851948	0.707447591202	0.385428273515	0.0
P09132	P37108	1.0	0.518453040193	0.786229885714	0.912437690388	0.886483335035	0.0
P09132	P49458	1.0	0.518453040193	0.786229885714	0.937228813387	0.908588491554	0.0
P10619	P61769	0.251356444964	0.120785733017	-0.0	0.634529237385	0.451196025283	0.766347324543
P32241	P61769	0.151772715712	0.239619055162	0.0516206996679	0.535539632073	0.689007075961	0.0
P33241	P61769	0.190621273174	0.230249048688	0.0516206996679	0.746213502914	0.598239589706	0.0
P33260	P61769	0.251356444964	0.38353417226	0.0187331584839	0.558572867415	0.38759807977	0.0
P40967	P61769	0.395021248758	0.0359494312835	0.0516206996679	0.604698333804	0.594333870988	0.0
P43355	P61769	0.131591701596	0.158816028816	0.0516206996679	0.44848126378	0.260811621848	0.0
P43358	P61769	-0.0	-0.0	0.0516206996679	0.520118418111	0.288104357165	0.0
P47871	P61769	0.324892843902	0.255388762203	0.0187331584839	0.573621148089	0.686481469905	0.0
P51965	P61769	0.151772715712	0.374222538373	0.0516206996679	0.730975555144	0.272863292992	0.0
P52292	P61769	0.150839924698	0.374222538373	0.0516206996679	0.623829299671	0.297305306746	2.33887606937
P60201	P61769	0.131591701596	0.230249048688	0.0516206996679	0.54512851244	0.361106173954	0.0
P60709	P61769	0.469840543365	0.883885179113	0.839307851948	0.89384897187	0.825444951715	0.936944396031
P60709	Q8NHL6	0.139677508839	0.363973807447	0.839307851948	0.780655087155	0.602454581132	0.936944396031
P61769	P62318	0.190621273174	0.11999153746	0.0516206996679	0.632955099834	0.344381067401	0.0
P61769	Q01668	0.204996426068	0.209542243995	0.0516206996679	0.47128034917	0.497344225641	0.0
P61769	Q07352	0.057594032682	0.558735627039	0.0516206996679	0.76980878413	0.535981607827	0.0
P61769	Q13126	0.190621273174	0.0532108214374	0.0516206996679	0.611990815813	0.763553551606	0.0
P61769	Q92619	0.0701411784845	0.157042746721	0.0516206996679	0.788372063762	0.655357766539	1.10250937212
P61769	Q92959	0.129717437635	0.0326145563799	-0.0	0.626988135205	0.522066197234	0.0
P61769	Q9BZL6	0.260772124895	0.322060768545	0.0516206996679	0.752809521287	0.674673641947	1.60231190207
P61769	Q9NPA0	0.251356444964	-0.0	0.0187331584839	0.724555740322	0.282508387781	0.0
P61769	Q9Y5X3	0.567690368147	0.0226899406141	0.0516206996679	0.65316649098	0.369379608205	0.0
Q15819	Q96FW1	0.190621273174	0.620606813425	1.0	0.597219143451	0.936639248338	2.75270582585
