P46109	P22681	0.185386444388	0.328014103343	0.236783228192	0.749473994422	0.933251521232	4.56727589727
Q14155	Q13177	0.185386444388	0.399302775382	0.372876874192	0.670380869841	0.932777262062	3.62183363224
Q96ST3	O75446	0.797815784796	0.530566767892	0.670278162725	0.632050336269	0.842671858121	0.0
P35869	P27540	0.422871886816	0.416511105994	1.0	0.711495137422	0.736689024821	4.2462878817
Q92934	P62258	0.244477973309	0.780181925995	1.0	0.715056358723	0.903530243637	0.0
P43403	P07766	0.874108706376	1.0	0.257432963616	0.954468326855	0.986198924372	3.91480043213
Q8WUM4	Q99816	0.190621273174	0.951364476339	1.0	0.867484684295	0.962842636476	0.0
Q14186	Q16254	0.422871886816	0.46181222802	0.365324326482	0.717711968152	0.225010163332	3.94011619258
P61604	P10809	0.401815892841	0.537204413686	0.561789285145	0.968327989739	0.972442748896	0.0
P23458	P40763	0.185386444388	0.374222538373	0.799957139157	0.853276965067	0.92635319484	4.56896123049
Q92783	P40818	0.460658296757	0.164387944103	0.0516206996679	0.878557500686	0.912695416975	0.0
Q92769	Q13330	1.0	0.582392314024	1.0	0.702489325057	0.989610521234	3.59006532545
Q9H9H4	Q99816	0.83462462316	1.0	0.584367478352	0.723017650801	0.929919167946	0.0
Q9Y297	P35222	0.191439491079	0.473011507634	0.0516206996679	0.618401601126	0.559172569683	3.64686684467
Q9H2X6	P63279	0.579035616728	0.446216455327	0.365324326482	0.58660269649	0.504633936698	0.0
P20042	P05198	0.887760147144	0.427307942287	0.595801662123	0.932941694184	0.978825529447	0.0
P32942	P26038	0.190621273174	0.328914965864	0.471428273379	0.822830236385	0.960695681578	2.61588730678
P05556	Q13797	0.929184537297	0.579678040975	0.797190346665	0.574931297666	0.803277649382	6.0243203388
Q15024	Q13868	0.741463058964	0.817236693992	0.661182385082	0.889434744194	0.970946559348	0.0
Q15648	P10827	0.191439491079	0.966643591507	0.561789285145	0.549396288779	0.480083459952	0.0
P40937	O75943	0.322306247091	0.410338384915	1.0	0.870430535281	0.581773270328	3.51414646996
Q09028	O95983	1.0	0.580634188927	1.0	0.645872701504	0.970304962491	0.0
P63167	O43521	0.244477973309	0.780181925995	0.0516206996679	0.429522588299	0.352156275865	0.0
P05556	P56199	0.929184537297	0.620606813425	0.940800292316	0.807767477136	0.978603426658	6.14291533637
P54727	Q01831	0.887760147144	1.0	0.647169542866	0.54390556332	0.874302559365	0.0
Q15382	P42345	0.499346562662	0.617939756484	0.245644121197	0.643291122295	0.837336584069	4.08728501386
P63208	Q9UK22	0.735014152343	0.686877523753	0.543726781028	0.516909977032	0.786868925047	3.31555599742
Q9Y6K9	O95999	0.293049690842	0.916013074052	1.0	0.616352783179	0.96680312903	3.08598650405
P68106	Q92736	1.0	1.0	0.857486590476	0.655580596649	0.562195507555	0.0
Q13546	Q15628	0.964023179157	0.774020256182	0.916900502523	0.739871940084	0.969818028543	3.43725150225
P21580	Q9Y4K3	0.185386444388	0.838391392817	1.0	0.737011361535	0.518598213695	0.0
P16035	P50281	0.383874335636	0.538573079205	0.522548745229	0.82586853111	0.921625303765	5.76222233994
P49768	Q9UMX0	0.393764919323	0.575533251969	0.345516049415	0.730419748344	0.794224680668	0.0
Q03518	O15533	1.0	0.799867395662	1.0	0.916633634482	0.989890971527	3.25750092054
O95996	P35222	0.967953444164	0.424596166755	0.306578272862	0.435834910218	0.657917319642	4.69584830774
P63146	Q9NS91	0.786044504834	0.749792771373	1.0	0.593410541219	0.817077667034	3.67617147866
Q92585	P46531	0.887760147144	0.887010128091	0.349661113929	0.792535229923	0.56572350581	4.67914157812
Q16623	P21579	0.752285266404	0.613168791501	0.584367478352	0.67651174977	0.985366764524	0.0
Q7L523	Q9HB90	0.858369074593	0.74500597186	1.0	0.79305620207	0.948795545239	0.583726775992
P62136	Q12972	0.191439491079	0.281446914917	0.325514929288	0.843161484677	0.923655878152	2.18906118854
P60953	Q9P286	0.057594032682	0.35207169795	0.245644121197	0.554913432046	0.842162279098	2.81017557496
Q07955	P78362	0.191439491079	0.814710965263	0.297026619547	0.88112603638	0.950238392668	-1.90624557738
Q8TEW0	Q9NPB6	1.0	0.597656987048	0.604198302122	0.71889851687	0.871506310914	2.68275694531
Q12874	Q15459	0.551040588575	0.834472829544	0.297026619547	0.904792443673	0.990854320895	5.04635097966
Q9Y230	P35222	1.0	0.578905613555	0.43362554284	0.583294786019	0.803303149532	3.2344184159
O15111	O14920	0.764756124893	0.916013074052	1.0	0.610867956238	0.944232592398	3.72027834928
P20339	Q15075	0.824273579371	0.689548864869	0.104635268323	0.763666450153	0.733927596399	2.664779303
P28074	P25787	0.874805218292	1.0	1.0	0.911216788901	0.949080100582	4.42809379547
P04150	Q99933	0.185386444388	0.224136368673	0.224212534926	0.482125149405	0.931992044755	2.19746152217
Q09028	P06400	0.567422014158	0.673925468294	0.342556270367	0.776957810885	0.927131664141	3.89748910507
Q9Y265	Q9Y230	1.0	0.744432784011	0.483536569039	0.956638166401	0.990750030308	4.18913430291
Q07960	P60953	0.409725475218	0.344342635487	0.0516206996679	0.654340172394	0.662970166296	3.32330240508
P35221	P35222	0.967953444164	1.0	0.661182385082	0.714368738037	0.971322944247	3.44017255254
Q04206	Q8WTS6	0.191439491079	0.234135003592	0.0516206996679	0.595996496678	0.364891135713	4.03402325906
P13861	O75969	0.42144298077	0.286912600879	0.819644100582	0.582528500629	0.875432728092	3.68589399919
Q13490	Q9NR28	0.755018749235	0.453548381726	0.0516206996679	0.708564077989	0.750530872056	3.44270956499
Q14457	Q9P2Y5	0.593036761221	0.729528385049	0.0516206996679	0.683830077385	0.957767716099	3.92328440368
Q15311	P11234	0.0701411784845	0.289655371784	0.316340044308	0.740294180458	0.849366235859	2.3628365738
O15111	Q16543	0.185386444388	0.391531552908	0.0516206996679	0.579861962329	0.749267424516	4.32419479845
P06493	P07948	0.244477973309	0.916013074052	0.324934946398	0.603742809147	0.661502977038	3.06493640597
Q13424	P11532	1.0	0.955097780533	0.728700434395	0.73636873379	0.953979392638	5.10632427662
O00221	Q04864	0.185386444388	0.142079677533	0.0516206996679	0.793282290328	0.953267774544	3.91153901706
P06241	O60880	0.057594032682	0.318456567991	0.0516206996679	0.886999822062	0.741481846342	2.79372505967
Q15370	Q15369	1.0	0.758312462477	0.0516206996679	0.850031288573	0.977463870777	2.11801763293
P11387	P63165	0.379275355027	0.339428501955	0.297026619547	0.804531257309	0.983916647572	0.0
Q15596	Q92793	0.191439491079	0.493242731315	0.586187024871	0.862991626102	0.730989054721	4.53064392099
Q14318	P10415	0.339226803829	0.658627659825	0.839307851948	0.671232191583	0.678736803466	2.28708164833
P63211	P62873	1.0	0.868691385741	0.431565319688	0.463264969852	0.98253495912	4.60940250334
P40938	P35249	0.87920606903	0.871608084573	1.0	0.954673126989	0.98396672414	2.59368941243
Q92889	P07992	0.929184537297	1.0	0.928743295238	0.525262041054	0.835715621105	4.51586243061
P19838	P46531	0.191439491079	0.461383823233	0.43362554284	0.676977207423	0.161772377503	5.05679110954
Q99683	O95382	0.057594032682	0.733156493091	0.754282135203	0.60872638885	0.975449548002	4.27272267078
P16035	P08253	0.383874335636	0.538573079205	0.145221161737	0.896491592235	0.96739992112	5.76222233994
P11802	P06400	0.422871886816	0.606232603224	0.108559407569	0.594471645238	0.857974405891	1.2778893858
P00533	P27986	0.282872737094	0.916013074052	0.649312703222	0.619201128488	0.123928999732	5.2094033109
Q6ZW49	Q12888	0.191439491079	0.432542032829	0.0516206996679	0.749408925725	0.671702136057	1.33627403703
P27986	P19235	0.129717437635	0.205693984161	0.0516206996679	0.508702973804	0.579931298433	2.72171551064
P00533	P22681	0.441786985133	0.613168791501	0.257432963616	0.720748488474	0.216444177159	5.44631444574
Q07817	O43521	0.492258443474	0.955097780533	0.0516206996679	0.687142564003	0.314240918121	4.60677644519
P42226	Q92793	0.440069883926	0.554593544566	0.372876874192	0.734622088248	0.968776523739	3.3135920525
Q15542	P20226	0.679661867014	0.705404531698	0.343245061517	0.892618603149	0.904631427826	2.28628006016
P16144	P23229	1.0	0.886273965747	0.257432963616	0.689633398794	0.720456052302	5.76023058053
Q9UN37	Q9HD42	0.83462462316	0.708610202036	0.345516049415	0.931842887468	0.942129092704	3.73652033929
Q92560	P51610	0.191439491079	0.334333334598	0.371730801067	0.803615956429	0.967723098152	0.0
O00303	Q7L2H7	1.0	0.697170888646	0.595801662123	0.919751354879	0.976270394731	4.07909585968
P25788	P60900	1.0	1.0	1.0	0.948253195125	0.986775610939	4.44036387265
Q6R327	P42345	0.964023179157	0.916013074052	0.653836282491	0.591762480121	0.97766654078	5.90148537616
Q96T23	O60264	0.929184537297	1.0	0.491990784897	0.880505205547	0.989654251038	2.69279799454
Q9H492	Q14596	0.685297079599	0.53164371819	0.104635268323	0.57773988163	0.272740043739	3.53229293918
P25787	P25789	1.0	1.0	1.0	0.969226391676	0.987219733372	4.72426746894
Q9H4B6	Q13188	0.185386444388	0.677521275263	0.0516206996679	0.758439865172	0.804909633624	3.12137396564
P06729	Q9Y5K6	0.3964000162	0.34664595583	0.0516206996679	0.540537703738	0.872583157596	1.03452668979
Q9BX63	P38398	0.100443781596	0.481960437518	0.145221161737	0.909032868077	0.436600415945	4.83615664622
P78347	Q06187	0.100443781596	0.217955718923	0.108559407569	0.549773047513	0.709286665814	0.0
P62191	Q13200	0.764696784216	1.0	0.0516206996679	0.929390509589	0.9882986055	1.8863100743
P17676	P06400	0.552309736783	0.523328256824	0.839307851948	0.700168573225	0.592505215397	0.0
O00221	P19838	0.185386444388	0.415456247376	0.0516206996679	0.868923677492	0.959892008301	4.25207335243
Q08209	P63098	0.9237875149	0.916013074052	0.815804090266	0.751079728708	0.923511799094	2.54474558085
Q16543	O14920	0.185386444388	0.391531552908	0.372876874192	0.776312047526	0.894600167608	4.26565707394
P19525	P05198	0.535652086222	0.708610202036	0.297026619547	0.682457100466	0.939644267451	4.68781111697
Q92905	P46527	0.191439491079	0.303639111248	0.0516206996679	0.840211279163	0.889146337117	0.0
O60828	Q9Y2W2	0.507087708384	0.392366587105	0.108559407569	0.851500726493	0.983560877463	0.0
P55884	O75821	1.0	0.697170888646	0.595801662123	0.901266233104	0.981768515693	4.32187933054
Q96EP0	Q9BYM8	0.941213221031	0.898527674231	1.0	0.869924919219	0.982301712192	5.4324125522
Q9ULH1	Q14247	0.0701411784845	0.289655371784	0.0516206996679	0.69172499559	0.940819378539	2.73461316865
P15498	P22681	0.185386444388	0.606112464838	0.281579282395	0.770934204289	0.963966708571	5.92284685689
P63165	P11388	0.331502989505	0.339428501955	0.297026619547	0.826183093648	0.893929163286	0.297396780091
O14745	P35240	0.87419767254	0.494744185917	0.0516206996679	0.696903920854	0.931963125138	1.06158980182
P12004	P40937	0.87920606903	0.871608084573	0.24880721933	0.955285040826	0.966740789504	4.07846637493
P52657	P52655	0.835571587596	0.705404531698	1.0	0.657378099069	0.631345029994	0.0
Q9NP98	Q14315	0.22783656183	0.490304022431	0.31475641821	0.804733962555	0.708336235627	0.0
Q99547	Q01780	0.794192778219	0.74500597186	0.244817701945	0.775943625702	0.467847591605	0.0
Q13541	P42345	0.191439491079	0.617939756484	0.0516206996679	0.670927419461	0.530060733018	0.0
O75376	O60907	0.797815784796	0.573887651844	0.670278162725	0.692527179148	0.982064667018	3.3476649851
P63208	Q9UKT7	0.735014152343	0.686877523753	0.543726781028	0.812899369089	0.460126337968	3.67301530646
Q06587	Q99496	0.902491359631	0.744432784011	1.0	0.610178023298	0.989842025043	3.27728172678
P25942	O00463	0.755018749235	0.501785949376	1.0	0.701062834149	0.602579413918	4.26495673788
P63165	Q9HC62	0.579035616728	0.627136364776	0.113264575631	0.864597257582	0.677418356037	1.79094293495
Q13564	P61081	0.185386444388	0.916857023141	1.0	0.654290005365	0.805768155909	0.0
P62316	Q9Y333	0.551040588575	0.429690623682	0.297026619547	0.934439504038	0.92605976011	0.0
P63208	Q9Y3I1	0.523200219279	0.444346443563	0.543726781028	0.810666041338	0.493522671362	4.29978583516
Q9Y6K9	O14920	0.764756124893	0.916013074052	1.0	0.740377994075	0.978422288254	3.34996930673
P20336	Q96C24	0.587736873882	0.569103169946	0.540509534656	0.566776085796	0.513945155788	2.08218382248
P25054	P14923	0.967953444164	0.538353563223	0.661182385082	0.504984917118	0.358515647726	4.95236341142
Q13490	P42574	0.185386444388	0.561592694471	0.398679500414	0.848128862692	0.604566950517	4.05315765272
P57740	Q8WUM0	0.764756124893	1.0	0.728700434395	0.910472618237	0.986560311151	0.0
O94776	O95983	1.0	0.580634188927	1.0	0.761763562983	0.96296324908	2.64833950304
P46736	Q9NXR7	0.835571587596	0.650194285595	0.634504194421	0.719212343251	0.946724181124	0.0
Q04637	P06730	0.775520294288	0.643556639801	0.595801662123	0.690081925996	0.961952330013	4.42135983956
Q7LBR1	Q9UN37	0.83462462316	0.813387507973	0.345516049415	0.486463153989	0.963721343443	3.73652033929
P15172	Q09472	0.422871886816	0.582392314024	0.561789285145	0.419016647408	0.365702793817	3.49765712238
Q8WUM4	Q99962	0.190621273174	0.386131477299	0.839307851948	0.415273720725	0.65333326193	0.0
P49792	P46060	0.567422014158	0.384824625998	0.0516206996679	0.568416359382	0.985720047448	3.1005382699
P62312	Q9Y333	0.482779386833	0.817236693992	0.297026619547	0.893976235266	0.97632482789	0.0
Q92783	O95630	0.460658296757	0.280030906129	0.0516206996679	0.823377449074	0.951377280869	0.0
Q9Y297	P49427	0.191439491079	0.457683524165	1.0	0.62156908879	0.942258272857	2.0517229315
Q12906	Q9HAV4	0.191439491079	0.36333959487	0.297026619547	0.949384362653	0.985485315708	2.46829215523
O95630	Q9HD42	0.460658296757	0.338551659536	0.497697449847	0.735374677502	0.889438823684	2.68037170631
P60953	P27986	0.3964000162	1.0	0.257432963616	0.7768578811	0.918010958616	3.10930529108
P46109	Q92918	0.057594032682	0.541408295984	0.224212534926	0.491617958559	0.773612099574	2.18949907096
P55273	P11802	0.185386444388	0.600057223034	0.929468908513	0.545007086771	0.698164736221	1.87257200087
O60885	P50750	0.899252574766	0.705404531698	0.371730801067	0.798015556511	0.868248153791	2.71935701944
P12931	Q07666	0.151772715712	0.362918948829	0.593805449991	0.39749137862	0.342401595417	0.454399166272
P07814	P41252	0.185386444388	0.604020737037	0.610978892983	0.942077460028	0.977194777923	5.4808788232
O00221	Q00653	0.185386444388	0.142079677533	0.0516206996679	0.87694974667	0.932888691673	4.25207335243
O95067	P06493	0.374943884798	1.0	0.0516206996679	0.970697251124	0.852216254965	3.32277498699
P12004	P35251	0.87920606903	0.871608084573	0.518668975558	0.866355553654	0.891071908935	4.07846637493
P06239	Q07666	0.204996426068	0.266438221139	0.839307851948	0.720843613675	0.778128739714	0.454399166272
Q14457	Q6ZNE5	0.835571587596	1.0	0.0516206996679	0.762835156935	0.843971788378	3.43379875271
Q00610	P49418	0.358171483654	0.324199053749	0.0516206996679	0.587029176429	0.967251527667	0.688986415812
Q8NEZ2	Q99816	0.83462462316	0.792247531214	0.0516206996679	0.827240247326	0.947063070675	1.21004311927
O95631	P43146	0.057594032682	0.834472829544	0.0516206996679	0.849125355986	0.816004206772	5.09450229993
Q96LD8	Q15843	0.100443781596	0.303757123669	-0.0	0.746265522767	0.950907406314	1.79094293495
P45985	P45983	0.185386444388	0.916013074052	0.374035868369	0.809188440864	0.969357008164	3.02170335247
Q99683	Q12933	0.858369074593	0.728578723623	0.839307851948	0.468400713558	0.902215438524	4.17021313767
Q13418	Q9NVD7	0.469840543365	0.720053914637	0.0516206996679	0.820329851331	0.954018363245	1.08525721343
Q12933	Q13546	0.441786985133	0.774020256182	1.0	0.598953017806	0.703454705049	3.1211958302
P25788	O14818	1.0	1.0	1.0	0.910455292904	0.986998581727	4.44036387265
Q9P0W2	P51587	0.191439491079	0.399004232898	0.108559407569	0.596708767862	0.495255833709	0.0
Q9Y3C5	P62837	0.523200219279	0.650385882946	0.543726781028	0.796504620392	0.743185047789	2.18949831497
P04632	P17655	0.190621273174	0.245949145255	0.774487992295	0.783533242502	0.764037830677	3.83417472179
Q14653	Q92793	0.191439491079	0.554593544566	0.4169067574	0.609427812355	0.934974365916	4.71338159904
Q9UBP6	P57081	0.191439491079	0.887010128091	0.928743295238	0.87180861672	0.955519823739	0.81510507823
Q15796	Q9HCE7	0.191439491079	0.561592694471	1.0	0.509457934403	0.579333672566	4.09253667291
Q9Y4Y9	Q9UK45	0.482779386833	0.817236693992	0.244817701945	0.902099918004	0.959348959831	0.0
P15311	P26038	1.0	0.834472829544	0.57059092948	0.705497442364	0.980376028259	4.51704072852
P84022	P12757	0.191439491079	0.664911894491	1.0	0.660158120445	0.733313439573	0.0
Q9NRF2	O60674	0.185386444388	0.352925869737	0.0516206996679	0.459873715341	0.123884338254	4.09309953423
P12004	P18858	0.191439491079	0.720294497276	0.113264575631	0.894352594562	0.95909597748	0.0
O14910	O14936	0.708064918781	0.475489888128	0.0516206996679	0.48189388735	0.950050219847	3.79441063103
O94817	Q9NT62	0.151772715712	0.720294497276	0.887060795027	0.866466853397	0.638985610563	3.99863102461
Q96PU5	O00141	0.191439491079	0.586001379543	0.771336346021	0.552539997409	0.743366080554	2.66033210685
Q9Y3D0	O76071	0.973440926903	0.78003109948	0.0516206996679	0.866763324014	0.793781114874	0.0
O00268	Q16514	0.874108706376	0.705404531698	1.0	0.686279400344	0.980785362591	2.6250079212
P04626	P35222	0.708064918781	0.626775015946	0.649312703222	0.550130914019	0.936493536788	2.11288847942
P50613	P24928	0.540276419181	0.705404531698	0.296341369581	0.48719851145	0.959268639881	3.8435332485
O75886	O95630	0.460658296757	0.280030906129	0.0516206996679	0.844784551677	0.937666094544	0.0
P08047	P14859	0.191439491079	0.44957309215	0.857257129852	0.760436987076	0.964488770433	3.88316603897
Q5XPI4	Q9BSL1	0.057594032682	0.384668852292	0.0187331584839	0.888142426744	0.845960762273	1.11147387966
P21580	Q9Y3C5	0.190621273174	0.303757123669	0.543726781028	0.627365285804	0.757209364677	0.0
P06756	P05106	1.0	1.0	0.735365617153	0.510683522455	0.290014159649	6.0243203388
O60566	O43684	0.5369264431	0.8050057337	0.0516206996679	0.897037995292	0.880375524098	3.14018326335
Q15633	Q9UPY3	0.81694468444	0.887010128091	0.786229885714	0.456065645933	0.891020011405	4.34713460956
Q09028	Q13547	1.0	0.580634188927	1.0	0.906793163755	0.971497886447	0.0
P22681	O14492	0.185386444388	0.312630939073	0.236783228192	0.790657769328	0.666067984505	3.8493290667
Q9NZN5	P61586	0.190621273174	0.420474209087	0.0516206996679	0.578621957586	0.760804887507	4.03799168235
Q99708	P38398	0.191439491079	0.628624987512	0.647169542866	0.7998912476	0.283285018763	0.0
P51151	O60664	0.324892843902	0.25399642996	0.0516206996679	0.724050625089	0.937539987883	0.0
P00533	O60674	0.441786985133	0.703533844288	0.490532580383	0.556829996697	0.106869003257	5.05000132262
P22626	P14866	0.33564169504	0.392366587105	0.297026619547	0.836687105303	0.9651719683	2.15882811341
P29353	Q9UQC2	0.185386444388	0.916013074052	1.0	0.734304632099	0.280412486733	1.74654159369
P19174	Q07889	0.185386444388	0.916013074052	0.0516206996679	0.665148162081	0.930787573891	4.0206112291
P06241	P56945	0.381687602807	0.505916938949	0.0516206996679	0.544206700549	0.906651295517	4.13101448244
Q9Y4K3	O43318	0.395021248758	0.916013074052	0.212043948552	0.76399012262	0.892593618655	2.57749222612
Q15382	P49815	0.499346562662	0.64134065365	0.24880721933	0.402633493946	0.810412394004	1.59237598186
Q9UQC2	P27986	0.185386444388	0.916013074052	1.0	0.667380562618	0.603782081224	2.75304873744
Q14999	P62877	0.966893002975	0.369363638325	1.0	0.568147050941	0.912017289918	0.565174641014
P50542	Q92968	0.813787805743	1.0	0.0516206996679	0.748472731126	0.980961497703	1.10997112647
P04150	O75376	0.191439491079	0.488153815607	0.349661113929	0.758508258441	0.978133142822	3.10148897113
P26010	P21333	0.190621273174	0.720053914637	0.224212534926	0.822843447459	0.452423764369	5.56055408597
P07204	P00734	0.268729117795	0.763184157504	0.330581545373	0.515947241403	0.709816592157	3.4717167926
Q8N668	Q13617	0.902491359631	0.384668852292	0.0516206996679	0.801148357696	0.724608163765	0.0
O75381	Q92968	0.813787805743	0.736200566531	0.0516206996679	0.647032095361	0.882667916866	0.0
Q9Y5S9	Q96A72	0.69394066219	0.538573079205	0.297026619547	0.852054875184	0.988547825702	2.66124116785
P63208	Q9UKT4	0.191439491079	0.603152156325	0.0516206996679	0.701015938644	0.792154541645	3.31555599742
Q92769	P25490	0.660135634212	0.431310307765	0.959411418194	0.877083517373	0.919057964514	2.87236870726
P08047	P25490	0.150839924698	0.360635654347	0.930491851028	0.778478890838	0.962185519887	3.78981233885
P10721	P19174	0.3964000162	0.916013074052	0.483536569039	0.546579372748	0.939914893561	5.8924327303
P04150	P48552	0.191439491079	0.50676342779	0.372876874192	0.822642376171	0.581788705222	4.66120993232
Q99741	Q13416	0.293049690842	0.435900627223	0.108559407569	0.756804571348	0.465743161856	1.93159051717
Q86VP6	Q13616	0.587601862623	0.384668852292	0.0516206996679	0.890308496507	0.896897393305	0.22163337742
Q9NPI6	Q8IU60	0.57352323675	0.817236693992	0.197542098494	0.76848346419	0.854544878635	4.10393107734
Q8WUM4	O75340	0.764756124893	0.245949145255	1.0	0.734545803048	0.901599059044	3.39370447472
P60953	O00401	0.409725475218	1.0	0.0516206996679	0.659057130043	0.52140679079	3.41409366007
Q92889	Q8IY92	0.755996061945	0.584770547348	0.455323996243	0.61325068729	0.839929821256	0.0
P13232	P16871	0.139677508839	0.587407398095	0.0516206996679	0.776664939829	0.652253455401	3.35275145583
P46527	P24941	0.324892843902	1.0	0.0516206996679	0.60988167303	0.67951981265	2.24612471538
Q9HC52	Q99496	0.802993583931	0.627136364776	0.543726781028	0.588636555125	0.966291657543	3.24813164879
O43660	Q99459	0.786044504834	0.429690623682	0.0516206996679	0.862940610298	0.987029626459	1.07036575787
Q9UBV8	O75340	0.190621273174	0.527401970077	0.774487992295	0.672516461132	0.93682003168	3.83417472179
Q13283	Q14694	0.100443781596	0.188086647087	0.297026619547	0.851341274761	0.89956502259	2.26962889826
O95999	Q9UDY8	0.887760147144	0.916013074052	0.61823849856	0.755563475334	0.980969716142	3.50465928979
P15408	P05412	0.191439491079	0.657170359093	0.518668975558	0.800039811303	0.45797732758	3.96585254901
Q9UHI6	P57678	0.823040089666	0.83440436092	0.0516206996679	0.902986306587	0.971789992968	0.0
P27348	P22681	0.185386444388	0.314449003322	0.345516049415	0.499342795705	0.607907199032	0.0
Q9BSI4	Q9NYB0	0.840462622858	0.821766823045	0.806002457735	0.765741605292	0.898375778945	3.15535983974
P19174	P22681	0.185386444388	0.460897779935	0.330581545373	0.709328874411	0.933230904176	4.73844241818
P11387	P19338	0.505900693806	0.126187098019	0.308408618446	0.767987714153	0.977755325455	0.0
Q86VP6	Q13617	0.587601862623	0.384668852292	0.0516206996679	0.919429357093	0.952139256951	0.22163337742
Q12933	Q13489	0.441786985133	0.720843131377	1.0	0.588083045176	0.849482999655	3.44089219841
Q06124	P06213	0.151772715712	0.646821924009	0.753492302507	0.573436660514	0.66203394484	5.18509971255
Q96GD4	Q9H0H5	0.837676786462	1.0	0.145221161737	0.943395929292	0.306526989428	2.81377318918
Q15596	P10276	0.191439491079	0.416511105994	0.740093730544	0.666199423593	0.57236847216	4.78719000627
P01344	P11717	0.289209631681	0.383022490539	0.0516206996679	0.558362595045	0.567300974762	4.64089232645
P83916	P45973	0.850893189348	0.29037856381	1.0	0.841353770519	0.985813543629	2.39625200778
Q14683	O60216	0.862256989933	0.627136364776	0.0516206996679	0.885663415613	0.982460380844	4.15531726818
Q13490	O43353	0.22783656183	0.640391841986	0.212043948552	0.814155971702	0.567933053938	3.57763550704
P49005	Q15054	0.191439491079	0.749792771373	0.65035114553	0.739014735541	0.975618153025	0.0
P43403	P22681	0.441786985133	0.314974408366	0.78460909288	0.635906961397	0.870447068254	5.25171036584
P43694	P52952	0.552309736783	0.887010128091	1.0	0.816553751546	0.843642321034	0.921865605035
P43246	P38398	0.38813705697	0.600057223034	0.647169542866	0.866810935362	0.655456280725	1.51161315123
P21980	P02751	0.190621273174	0.700103752393	0.208582923633	0.815934392619	0.972052883569	4.55650317771
P12931	P18433	0.190621273174	0.500456144079	0.113264575631	0.712645206938	0.706570808288	3.44482495574
P11717	Q9UJY4	0.790022968438	0.25399642996	0.24880721933	0.698052715106	0.878800063433	0.0
P29084	P29083	0.191439491079	0.705404531698	0.108559407569	0.850144436457	0.979211165948	1.28825149934
Q04637	P60842	0.775520294288	0.643556639801	0.595801662123	0.901485360211	0.982185019252	4.77206296337
P20929	Q8WZ42	1.0	0.623210694622	0.61823849856	0.904784041206	0.685646099777	3.25924480713
Q13114	P25942	0.755018749235	0.444373890985	1.0	0.796120097357	0.753426490438	4.26495673788
P45985	Q9Y6R4	0.057594032682	0.671236347669	0.769096776195	0.707222067365	0.966525616326	3.00344099186
P40189	P23458	0.387881324379	0.409015565218	0.431158183732	0.864906106565	0.371554842242	5.00497284236
P42261	Q12959	0.749289581732	0.322768602128	0.345516049415	0.384176900539	0.983655932222	5.61347203858
Q07955	P11387	0.33564169504	0.291211344179	0.297026619547	0.839780000425	0.970888982737	0.0
Q8IW35	O43303	0.374943884798	0.266684957315	0.0516206996679	0.866137441228	0.910355929169	0.0
Q92968	P40855	0.813787805743	0.708610202036	0.0516206996679	0.844672559222	0.556198690943	0.0
P52565	P61586	0.245200552404	0.601855439932	0.0516206996679	0.866963901378	0.966391348892	0.900156708172
P06241	Q86WV1	0.129717437635	0.505916938949	0.306578272862	0.797123764955	0.603532286828	3.23612162204
P62877	Q13618	0.747139239766	0.601855439932	1.0	0.755423734053	0.939413453365	1.54720321239
P20042	P55010	0.185386444388	0.427307942287	0.595801662123	0.880905052292	0.955822138773	0.0
P02786	Q30201	0.824273579371	0.763184157504	0.0516206996679	0.501812221397	0.618475994112	5.13398545322
O14818	P25789	1.0	1.0	1.0	0.946030019784	0.989202264915	4.72426746894
P09619	P19174	0.282872737094	0.916013074052	0.372876874192	0.720438827515	0.822343121849	6.00745447203
Q13155	Q15046	0.185386444388	0.604020737037	0.0516206996679	0.920318372509	0.780435560553	3.84638674374
P42574	Q13489	0.191439491079	0.453548381726	0.398679500414	0.780936952437	0.786586093658	4.05315765272
Q06587	O00257	0.802993583931	0.627136364776	1.0	0.760526620746	0.812390243255	3.24813164879
P83436	Q9H9E3	0.737951649154	0.683032720834	0.0516206996679	0.802072622768	0.98402578241	0.0
P60520	Q9Y4P1	0.185386444388	1.0	0.0516206996679	0.661543690091	0.564367624252	0.0
P30533	Q07954	0.165118719874	0.799867395662	0.780142296469	0.662124424435	0.972425719041	5.01164530846
O43318	O14920	0.764756124893	0.916013074052	0.623379654543	0.80807496448	0.864308315576	3.4952405718
P52799	P54764	0.282872737094	0.533832052099	0.65035114553	0.751162018461	0.779662645651	5.6585624728
O60674	P19235	0.129717437635	0.374222538373	0.0516206996679	0.589497086521	0.202892600021	3.22839703585
P07333	P09603	0.929184537297	0.834472829544	1.0	0.868926790849	0.383462807307	4.15647580734
Q07812	Q9Y371	0.492258443474	0.886834690957	1.0	0.680342364823	0.862789490588	2.23045294469
O00141	P46934	0.251759994337	0.47179435954	0.771336346021	0.580522223959	0.67540160557	2.66033210685
Q16576	P38398	0.304128422095	0.443424035464	0.244817701945	0.815256521601	0.651409993307	2.4395419576
Q13616	Q13309	0.735014152343	0.511994104807	0.0516206996679	0.810197323053	0.480726061112	4.07962555628
P62306	P62304	0.890940910535	0.83440436092	0.244817701945	0.955470148046	0.968722525942	0.0
P35916	P29353	0.151772715712	0.412423622936	0.490532580383	0.665610985993	0.321935512966	4.11852427781
Q15843	Q9Y5A7	0.100443781596	0.369363638325	0.0516206996679	0.630780060547	0.474338106223	3.28722130623
Q92783	O14964	0.567690368147	0.744432784011	0.0516206996679	0.529255869766	0.954579649328	4.76932370702
Q9UJY5	Q9UMZ2	0.649166295956	0.294395741387	0.0516206996679	0.811937399359	0.955762966231	0.0
Q99767	P05067	0.349744495138	0.658627659825	0.0516206996679	0.570576842548	0.90459723049	0.0
P14784	P23458	0.387881324379	0.834472829544	0.0516206996679	0.818122275279	0.754008444467	4.1142010387
O94992	P50750	0.191439491079	0.281732471269	0.682235597745	0.740741262772	0.742870148984	1.91794749854
P12004	P43246	0.38813705697	0.637321529996	0.887060795027	0.952293400948	0.985310135833	2.28742767512
P00918	P02730	0.708064918781	0.643556639801	0.0516206996679	0.813828822704	0.683224423715	0.0
P60842	Q53EL6	0.185386444388	0.136962529155	0.244817701945	0.637779665924	0.916847878176	4.46024614987
Q9UBJ2	P40855	0.813787805743	0.263044662558	0.0516206996679	0.679856035076	0.928202688738	0.0
P06241	P06729	0.486734659494	0.421954059275	0.257432963616	0.921367883264	0.741331670072	2.52177439123
Q14155	Q9Y2X7	0.469840543365	0.561690261868	0.273642972904	0.638383756456	0.980569674539	2.52705045581
Q99962	Q05193	0.190621273174	0.567556557138	0.839307851948	0.74402218436	0.992233762214	2.44114907753
Q15022	O75530	0.902491359631	0.530566767892	0.593805449991	0.880745711395	0.948588814317	2.65324082793
P11802	P46527	0.304128422095	0.718286493767	0.929468908513	0.629951775835	0.884756147327	2.24612471538
Q9UK45	P62318	0.482779386833	0.392366587105	0.244817701945	0.939641042385	0.961269567882	0.0
Q9Y3C4	Q96S44	0.185386444388	0.528446119285	0.0516206996679	0.889854198488	0.974625220657	0.0
P16333	P42768	0.410518558319	1.0	0.345516049415	0.563275805002	0.898382716145	4.40155398715
Q13094	P19174	0.3964000162	0.916013074052	0.0516206996679	0.633916571377	0.785258387526	3.89628348582
P52333	P42229	0.185386444388	0.673144111972	0.108559407569	0.867035305322	0.983004363214	4.52235791751
Q9Y297	P19838	0.191439491079	0.573248919708	0.740093730544	0.686101465587	0.708053549609	4.09698348157
Q01094	P06400	0.858369074593	0.955097780533	0.500403049442	0.478976592594	0.569080469231	4.37681786295
P20807	Q8WZ42	1.0	0.637321529996	0.61823849856	0.807677487249	0.29103111757	3.88044649179
Q9BQQ3	Q08379	0.369789306179	0.294072828049	0.0516206996679	0.784693512399	0.985543036147	0.0
P15407	P05412	0.191439491079	0.763003724303	0.440136899325	0.657986193061	0.777052388696	3.96585254901
P54136	Q12904	0.858369074593	0.604020737037	0.61823849856	0.909581800709	0.972848621623	1.9775860365
P78504	P46531	0.139677508839	0.833434709881	0.330581545373	0.762986925779	0.911335660039	6.72956385314
Q99873	P35637	0.191439491079	0.162696429451	0.839307851948	0.884335649418	0.970157313914	0.478358763892
P84022	Q09472	0.422871886816	0.567556557138	1.0	0.703430647296	0.567130681446	3.48940804922
Q15843	Q13618	0.190621273174	0.357005354634	1.0	0.684679146252	0.77257513602	4.23327152788
P49792	P62826	0.567422014158	0.8050057337	0.244817701945	0.7667153044	0.888843059871	3.45014410914
O95149	O14980	0.392853207362	0.476751840324	0.545735697395	0.776871929657	0.86124355728	4.50295989635
Q9H0R8	Q9Y4P1	0.185386444388	0.720294497276	0.0516206996679	0.621963983388	0.810201690861	0.0
Q13158	Q14790	1.0	0.834472829544	0.857486590476	0.664921565132	0.918097548446	4.18552211198
Q12933	Q15628	0.441786985133	0.774020256182	0.839307851948	0.766494479412	0.559896075538	3.77179106159
P05783	P05787	0.573216725956	0.858620379864	0.623379654543	0.964551320726	0.990428375013	4.18867768354
P38398	P24941	0.465018294934	0.7487617838	0.212043948552	0.861000118622	0.181299535883	1.01419814976
Q13322	P06213	0.129717437635	0.653680986063	0.257432963616	0.760801715428	0.957943034732	5.10986894482
P10276	P48552	0.191439491079	0.50676342779	0.670278162725	0.591721353744	0.72715585586	4.66120993232
P05067	Q92993	0.393764919323	0.416511105994	0.257432963616	0.647249617774	0.250511952635	0.0
Q99608	P08138	0.297064756198	0.420474209087	0.0516206996679	0.744393764915	0.621175157362	0.0
O43187	Q9Y4K3	0.418643761371	0.776864603578	0.839307851948	0.56340184704	0.667249544633	2.34976027745
P02686	P28482	0.499346562662	0.488153815607	0.24880721933	0.78655646343	0.93197463095	0.0
P59768	P62873	0.794771266108	1.0	0.236783228192	0.73315760469	0.958791733898	4.60940250334
P06730	Q13541	0.185386444388	0.518453040193	0.677665881225	0.641399092105	0.954116797403	3.38831015322
P22681	P08581	0.363663445451	0.314974408366	0.224212534926	0.645819269073	0.627748297477	4.14474929141
P29083	P20226	0.191439491079	0.705404531698	0.108559407569	0.88504374407	0.929657722307	3.08080251642
P06730	O43432	0.775520294288	0.427307942287	0.858694313932	0.765567899611	0.93195716132	4.42135983956
P33151	P35222	1.0	0.515635115602	0.649312703222	0.48232573385	0.796344813236	4.1375658625
P61586	O60610	0.409725475218	0.8050057337	0.31475641821	0.729817822292	0.935377926228	3.36729872558
Q00613	P63165	0.191439491079	0.29037856381	0.108559407569	0.522160898397	0.986533117736	2.64269606352
Q14118	P11532	0.802633773464	0.415456247376	0.799957139157	0.594729974885	0.978419763804	2.187270542
P52434	P24928	0.710544427614	0.705404531698	0.83351513171	0.623247017928	0.967585682984	0.0
P08514	P05106	1.0	0.593623222451	0.839307851948	0.950763049631	0.99327861302	6.0243203388
Q05193	P49418	0.22783656183	0.324199053749	0.104635268323	0.813412498563	0.992410343601	2.08999458831
Q13416	Q9Y5N6	1.0	0.435900627223	0.108559407569	0.742671317452	0.974391705141	2.23338357636
Q12933	Q9Y4K3	0.755018749235	0.813100614769	1.0	0.592791188308	0.885157426332	4.72617320892
Q9NPP4	Q9ULZ3	0.185386444388	0.95951461827	1.0	0.811314343744	0.898148735736	2.38890154934
Q96CW1	P63010	1.0	0.657290051583	1.0	0.907024266281	0.985900434919	3.37947676474
Q9Y6K9	Q9BYM8	0.523200219279	0.505916938949	0.544504524661	0.816019006187	0.976257925672	4.02741169957
Q92888	Q14344	0.129717437635	0.316968933969	0.108559407569	0.515563481321	0.476178696096	2.12208460228
Q99708	Q13363	0.565951987115	0.330740714642	1.0	0.68057389811	0.578039591476	4.72778654994
O14745	P15311	0.917973726089	0.686877523753	0.345516049415	0.772260646659	0.913069189092	1.06158980182
P09874	P18887	0.191439491079	0.669240636214	0.24880721933	0.768164179942	0.952490796111	1.33627403703
Q00610	O00291	0.643440861432	0.391809145016	0.695973027942	0.680246068961	0.843202478173	0.0
P04406	P00558	0.190621273174	0.661030384273	0.212043948552	0.956814676105	0.972449483986	0.0
Q13309	Q9H211	0.191439491079	0.433788688258	0.0516206996679	0.876994918209	0.74067278065	1.77300535106
P55854	P63279	0.579035616728	0.627136364776	0.744547385504	0.769746077877	0.932148064167	1.96270865616
P14921	Q9UER7	0.191439491079	0.234135003592	0.24880721933	0.707353024941	0.981870139926	0.0
P19174	P06213	0.151772715712	0.488153815607	0.483536569039	0.614177169647	0.397891173474	5.35366048669
P20618	P49720	0.874805218292	1.0	1.0	0.915283126662	0.987775223808	4.28800457366
P62330	Q99418	0.260772124895	0.419413126812	0.192078708652	0.584973402114	0.698516786605	3.43356962754
O75914	P60953	0.185386444388	0.8050057337	0.24880721933	0.511519155222	0.877864998093	3.07080336162
Q9BX66	O75955	0.469840543365	0.37328967199	0.257432963616	0.596711442483	0.572028820035	0.0
Q9Y333	Q9UK45	0.482779386833	0.817236693992	0.786229885714	0.937365547773	0.967741562144	0.0
P63151	P30154	0.0432027283198	0.10133910367	0.0516206996679	0.755253008685	0.97074267853	2.66925917226
P46100	Q9UER7	1.0	0.517505127367	0.491990784897	0.576309734361	0.973524241127	1.59184601202
O75496	Q9H211	0.191439491079	0.50676342779	0.0516206996679	0.903433753054	0.793236848292	3.41578075932
Q9H0F6	Q96EP0	0.941213221031	0.898527674231	0.544504524661	0.851919346889	0.96315143271	4.87396638491
Q99613	Q9UBQ5	1.0	0.697170888646	0.595801662123	0.574943041843	0.937132159403	4.26747365763
P12004	P52701	0.398929680652	0.637321529996	0.839307851948	0.940552311676	0.982078596874	2.28742767512
P62312	Q9UK45	0.752467372777	0.817236693992	0.244817701945	0.878623238681	0.965325093778	0.0
P28074	P49720	0.874805218292	1.0	1.0	0.941593669819	0.807204785375	4.28800457366
P28074	P28070	0.874805218292	1.0	1.0	0.927621073393	0.863471226268	4.28800457366
P40337	Q99814	0.191439491079	0.758312462477	0.365324326482	0.513696327246	0.748621971051	0.0
Q9Y4K3	Q8IUC6	0.395021248758	0.702241413736	0.372876874192	0.72083449795	0.470088660936	3.02421596503
Q14697	P08575	0.190621273174	0.161534631512	0.197542098494	0.437674662771	0.46859706777	0.0
P54252	P54727	0.191439491079	0.543083031579	0.0516206996679	0.705431217126	0.889655831192	0.0
Q9Y6K9	P51617	0.185386444388	0.813100614769	1.0	0.839265161545	0.833730926028	3.1101290388
Q9NVP2	Q86UE8	0.163005080427	0.484667115139	0.0516206996679	0.731230769018	0.902392244566	0.0
P62491	Q9BXF6	1.0	0.387989423813	0.486052575143	0.589244084479	0.312102390042	3.12433742585
O94992	O60563	0.191439491079	0.534943931184	0.682235597745	0.659836354473	0.895865579843	2.95735596025
P16333	P22681	0.185386444388	0.324199053749	0.345516049415	0.647788789535	0.852532315164	4.18073051815
P27986	P22681	0.185386444388	0.708581111346	0.257432963616	0.665878167548	0.96016291466	5.18091045359
Q13418	P48059	0.469840543365	0.720053914637	0.372876874192	0.769189364592	0.992820427041	3.17219283287
P23297	P04271	0.297064756198	0.307729504907	1.0	0.73561908006	0.858163845639	5.20748905747
Q9H2K2	P54274	0.755996061945	0.846478297629	0.0516206996679	0.796142493138	0.866895468246	0.0
P49023	Q14161	0.469840543365	0.24263759667	0.268422622616	0.753123981046	0.939795566715	1.78825960779
Q14974	P62826	0.567422014158	0.718505358409	0.345516049415	0.884270818958	0.935673627637	2.49891233037
P42574	P09874	0.191439491079	0.465345946207	0.113264575631	0.776509106861	0.493546874013	5.09942387044
Q9UPN9	Q13485	0.191439491079	0.558735627039	0.905431409817	0.890156086054	0.947569547266	2.57342102811
Q13263	P45973	0.645922686483	0.317372523029	0.24880721933	0.790635978083	0.989031664023	3.79756824075
P42229	O60674	0.191439491079	0.673144111972	0.108559407569	0.800913711256	0.918082000755	4.56896123049
Q14457	Q8NEB9	0.835571587596	0.721626627262	0.0516206996679	0.72284852749	0.959025535882	4.4466216503
Q9NPD3	Q9Y3B2	0.794192778219	0.817236693992	0.640553097534	0.741165243081	0.989509337255	0.0
Q8N2W9	P61956	0.579035616728	0.627136364776	1.0	0.675545927108	0.909434911555	0.0
P46109	P42229	0.185386444388	0.383022490539	0.236783228192	0.694302327251	0.956996229998	3.79831821625
O43586	P42768	0.444666069764	0.324199053749	0.57059092948	0.92729724932	0.983491049743	3.46395233083
P63279	P61956	0.579035616728	0.627136364776	1.0	0.728929178452	0.921298048679	1.96270865616
P38398	P06400	0.322306247091	0.600057223034	1.0	0.740877985172	0.560043685772	1.9124491106
P46060	P62826	0.567422014158	0.595620330127	0.0516206996679	0.873204409715	0.936478441457	1.98393348677
Q7L5N1	Q9BT78	0.636767449818	1.0	0.0516206996679	0.832641277072	0.984273422717	3.06510022688
P50750	O60563	0.899252574766	0.786133983881	0.682235597745	0.680651235489	0.797585022194	3.21728437024
P15336	P05412	0.322306247091	0.595716982125	1.0	0.586828521839	0.718374094137	4.00670306648
Q13098	Q9UNS2	0.636767449818	1.0	0.0516206996679	0.816576324724	0.984283083318	3.58693277855
P43034	P68402	0.190621273174	0.423834327615	1.0	0.763914655124	0.988114438228	0.0
P36873	Q12972	0.507087708384	0.214378481146	0.325514929288	0.931693699369	0.908852744665	2.18906118854
O43521	Q92843	0.492258443474	0.757853743296	0.0516206996679	0.53121360021	0.887960557095	4.32089348836
Q99496	Q8N488	0.660135634212	0.744432784011	0.268422622616	0.697536549588	0.98464725491	2.44400887496
Q08999	Q15329	0.422871886816	0.303639111248	0.198933325764	0.723714890498	0.614074431007	4.14709779744
P06241	P42768	0.381687602807	1.0	0.31475641821	0.795527140888	0.71664917241	3.87983286752
Q9UIQ6	Q9H2K2	0.393764919323	0.457683524165	0.145221161737	0.840964743925	0.940854293108	0.0
O75886	P40818	0.460658296757	0.11020707581	0.0516206996679	0.908883491386	0.959619166482	0.0
P29353	Q92835	0.185386444388	0.405781090681	0.113264575631	0.742911568757	0.945815324579	1.86684156797
Q969H0	P46531	0.260772124895	0.557336315472	0.281579282395	0.721410416348	0.261098699662	5.15462771031
O43809	Q16630	0.945833202502	0.628624987512	0.545882384953	0.926103551477	0.966221033291	2.12589010387
Q9UJY5	P11717	0.547325083959	0.25399642996	0.0516206996679	0.671578154462	0.9149910545	0.0
Q14393	P30530	0.289209631681	1.0	0.677665881225	0.853725582063	0.862628455252	3.7286183968
Q9HAU5	Q96Q15	0.185386444388	0.600117925444	0.244817701945	0.875048334899	0.931629552897	2.71955370538
P00533	P19174	0.282872737094	1.0	0.483536569039	0.650233621302	0.445182736109	5.21477606298
P22607	P05230	0.139677508839	0.916013074052	0.208582923633	0.661529668064	0.318297778111	3.83568525385
Q96GD4	Q9NQS7	0.746129221737	0.8050057337	0.0516206996679	0.845359310474	0.265996939908	3.7541640608
Q14152	O75821	1.0	0.697170888646	0.595801662123	0.745538490933	0.982056689379	0.634350271882
Q13490	Q12933	0.755018749235	0.720843131377	1.0	0.419095065671	0.970612492381	3.44089219841
P18754	P62826	0.392853207362	0.563051553166	0.371730801067	0.904120769448	0.915524483898	0.0
Q03111	Q9UHB7	0.665250573864	0.225396304383	0.0516206996679	0.550570921737	0.910387621449	2.47791129613
P29350	P43405	0.874108706376	0.833714046282	0.372876874192	0.903535154066	0.982067138291	4.17558655898
O95931	Q99496	0.802993583931	0.330740714642	0.371730801067	0.513457975293	0.957676657734	3.24813164879
P40855	P56589	0.813787805743	0.815721456051	0.0516206996679	0.816621550802	0.822734397699	0.0
P05230	P11362	0.185386444388	0.916013074052	0.490532580383	0.821599825829	0.332467568527	3.95917187342
P04150	Q15788	0.191439491079	0.643556639801	0.740093730544	0.831116150083	0.781913287415	4.38052889984
P15170	P11940	0.0300352141288	0.593030279976	0.297026619547	0.791706501841	0.961823106866	1.90189831418
Q8WUM4	Q53EZ4	0.349043531038	0.708610202036	0.0516206996679	0.696779445936	0.936646331488	2.79703653798
P33991	Q14566	0.812560604411	0.763184157504	0.683185760451	0.959986463381	0.992414509694	2.22663569541
P49792	P63279	0.151772715712	0.627136364776	1.0	0.688723989717	0.934949735524	2.81119749092
Q13501	Q9H0R8	0.685297079599	0.53164371819	0.257432963616	0.837567037242	0.624361850944	3.53229293918
P12004	P28340	0.679187098095	0.749792771373	0.647169542866	0.850279328244	0.970309346819	0.0
P56524	P62258	0.22783656183	0.383278013189	0.546981793798	0.536626139582	0.451357953924	3.37413448946
P62826	O14980	0.392853207362	1.0	0.345516049415	0.861403925667	0.916036815212	2.47552152575
Q09472	P42229	0.191439491079	0.41580666616	0.681123893096	0.693205660082	0.838596073153	3.3135920525
Q13094	O15117	0.185386444388	0.505916938949	0.0516206996679	0.973279154197	0.991520093884	3.39786925028
Q15024	Q5RKV6	0.741463058964	0.817236693992	0.640553097534	0.795671064905	0.981412234852	1.46588762515
O75676	Q16539	0.191439491079	0.452540061751	0.374035868369	0.605490466141	0.882337299956	3.36571113486
P21580	Q8NFZ5	0.185386444388	0.882569728237	0.544504524661	0.752135898412	0.737731271511	0.0
P10275	P35222	0.440069883926	0.8050057337	0.534041091206	0.553108145384	0.52691798835	2.96762458377
P84022	Q13485	0.835571587596	0.882234316644	1.0	0.673471378206	0.960956061451	1.58149696024
P13569	Q5T2W1	0.548548632916	0.554593544566	0.544504524661	0.717834638999	0.363493363676	3.37492850078
P41091	P05198	0.190621273174	0.427307942287	0.595801662123	0.845034701709	0.982729657858	0.483098725471
P60510	P78318	0.293049690842	0.383278013189	0.0516206996679	0.744309601213	0.895748874738	0.0
Q15796	O95405	0.0843300250393	0.882234316644	0.145221161737	0.605852421629	0.771086240961	1.93590746881
P21817	Q13061	0.801195862222	0.664911894491	0.0516206996679	0.751619297055	0.915939680045	0.0
Q14247	P61158	0.802633773464	0.8050057337	0.0516206996679	0.586240110637	0.428438816468	0.0
P14778	Q9Y4K3	0.255605371999	0.776864603578	0.257432963616	0.648964728079	0.244608749351	3.98209961481
Q9HCE7	P61586	0.24721271488	0.469402442114	0.113264575631	0.673474091057	0.606043759899	2.49418500752
P62487	O15514	0.710544427614	0.714845311841	0.677665881225	0.894887324268	0.907296478689	0.0
Q07812	Q07820	0.887760147144	0.834192178156	1.0	0.691595387583	0.707611158692	4.69150784187
Q96IJ6	Q9Y5P6	0.190621273174	1.0	0.49497075281	0.91445383704	0.967500394376	0.0
Q92560	Q8IXJ9	1.0	1.0	0.0516206996679	0.78233018357	0.854677570342	3.86420565725
P17980	P62195	0.726781098831	1.0	0.4169067574	0.938136407528	0.987315016138	3.28827072797
P17535	O00255	0.391256844932	0.75068631948	0.518668975558	0.746486061393	0.967309276114	3.09674924383
P25054	P35222	1.0	0.834472829544	0.661182385082	0.690060964685	0.878570730752	4.95236341142
P14598	P05771	0.185386444388	0.502598979804	0.113264575631	0.873797653993	0.823047726778	2.74466798778
P08047	Q13547	0.191439491079	0.686877523753	1.0	0.649248695914	0.95804400011	3.33419185932
P05556	P21333	0.469840543365	0.579678040975	0.740093730544	0.777362367767	0.975737440532	5.56055408597
Q15233	P23246	0.87920606903	0.657290051583	0.500403049442	0.877211898773	0.989732173421	3.23808224443
P24864	Q969H0	0.304128422095	0.433788688258	0.273642972904	0.542329303607	0.649872349119	1.7030796529
Q15427	Q13435	0.675313759033	0.392366587105	0.297026619547	0.833304538242	0.943376090536	0.745829242254
P84022	P12755	0.422871886816	0.671048878009	1.0	0.750441352781	0.82608849084	0.0
P29353	P06213	0.151772715712	0.575533251969	0.721607850292	0.603813016939	0.463661405426	4.87442765629
Q92796	Q12879	0.749289581732	0.322768602128	0.0516206996679	0.751038636122	0.97750339542	5.86464760942
Q86X55	Q09472	0.191439491079	0.584181016737	0.572459771429	0.712171787619	0.583048193722	0.0
Q96ST3	Q05516	0.565951987115	0.416158282959	0.372876874192	0.611952569475	0.756835134756	0.0
Q99962	O43426	0.185386444388	0.650194285595	0.0187331584839	0.624168361635	0.992668068311	0.0
Q13077	Q13490	0.057594032682	0.274376499635	0.268422622616	0.567688269581	0.654453561221	2.55881379422
P46459	P54920	0.35387112754	0.868727051833	0.542085549652	0.677009002991	0.864703512135	4.01666550322
P17947	P23769	0.150839924698	0.686242873117	1.0	0.651048778693	0.362042634536	1.82018126059
Q9HB96	O15360	0.737951649154	0.417232782796	-0.0	0.837885981053	0.239131916345	0.0
P36897	P01137	0.165118719874	0.853282800251	0.901806441725	0.60614298545	0.476629716621	4.87923490702
Q92973	P62826	0.190621273174	0.691275975418	0.297026619547	0.779805266503	0.927537485837	1.89872366957
Q9Y4K3	Q9NQC7	0.486734659494	0.640391841986	0.372876874192	0.832308387467	0.762968817931	1.49767918462
Q9UNL4	Q04206	0.191439491079	0.29037856381	0.104635268323	0.635729152555	0.970496265223	2.95206276239
Q15796	Q9HAU4	0.191439491079	0.561592694471	0.75147079232	0.83448559214	0.761787853142	4.09253667291
P13612	P49023	0.469840543365	0.720053914637	0.471428273379	0.571693575489	0.901439358854	4.53274848726
P13489	P03950	0.929184537297	0.383022490539	0.0516206996679	0.770097301555	0.46140042522	0.0
P26641	P24534	0.251356444964	0.486202243744	0.697306683325	0.974263365994	0.836640639591	2.09191736235
P12956	P13010	0.933393205716	1.0	0.940800292316	0.932213513111	0.990704442422	5.84636469347
P06746	P18887	0.191439491079	0.669240636214	0.647169542866	0.609773297796	0.838779083506	0.0
Q92769	P06400	0.567422014158	0.504244579929	0.534041091206	0.79879697804	0.926713248693	3.86711217074
Q92905	Q7L5N1	0.636767449818	1.0	0.0516206996679	0.89794658319	0.984741563726	2.22267300245
P04626	Q96RT1	0.708064918781	0.437621969724	0.257432963616	0.462213155802	0.153459596435	4.50224771477
Q15438	P05107	0.129717437635	0.256352388407	0.0516206996679	0.904767974261	0.820395217524	-0.289946749153
P54132	P40692	0.793800931312	1.0	0.622418387641	0.824764049442	0.56420341238	1.66492219878
Q13153	P16333	0.282872737094	1.0	0.0516206996679	0.681149689035	0.410083414237	3.00985197095
Q07912	P60953	0.499346562662	0.344342635487	0.839307851948	0.501149259567	0.866259276761	2.58402540526
P26992	P26441	0.289209631681	0.834472829544	0.257432963616	0.47732133163	0.366270629207	3.78114647462
Q9NPB6	P41743	1.0	0.597656987048	0.0516206996679	0.412303350205	0.778760405443	3.09481648083
P63208	Q9UKC9	0.735014152343	0.686877523753	0.543726781028	0.65686762868	0.819530404333	4.19237566988
O43542	O43502	1.0	0.584770547348	0.878395671278	0.645842334867	0.577029117716	4.43203368713
Q7Z6Z7	Q07820	0.191439491079	0.334333334598	0.0516206996679	0.674549259106	0.924514423348	4.96824026332
Q8IZP0	Q12929	0.723296562812	0.467064891184	0.31475641821	0.716022613775	0.750484076338	2.8725466527
P15374	Q15843	0.190621273174	0.357005354634	0.0516206996679	0.890673573289	0.836989677853	0.0
Q12888	P16104	0.657179658737	0.584770547348	0.647169542866	0.721755614009	0.953569527705	2.64738942224
P09619	Q06124	0.100443781596	0.916013074052	0.257432963616	0.475417058386	0.447486660719	4.45611116784
Q8NEU8	Q9UKG1	1.0	0.239999503735	0.0516206996679	0.755309104024	0.894081206362	1.99289886989
Q92851	Q13158	1.0	0.537204413686	0.857486590476	0.48124109622	0.941114420766	3.95675598451
P52657	P20226	0.835571587596	0.705404531698	1.0	0.761385016305	0.870364000241	0.0
O60763	Q14789	0.574521733276	0.164387944103	0.297026619547	0.760112721189	0.977216526562	0.0
P60953	Q13576	0.71551491003	0.415107018471	0.24880721933	0.682054159909	0.700273116527	4.14047128854
P63208	Q9Y2Z0	0.523200219279	0.308964187366	0.0516206996679	0.839694140132	0.764951883801	2.10266691426
P62491	Q9ULV0	0.824273579371	0.637321529996	0.31475641821	0.675808180156	0.408270730013	2.51129319334
Q15599	P15311	0.469840543365	0.606112464838	0.0516206996679	0.622619384253	0.190240164062	1.06158980182
Q09028	Q96ST3	1.0	0.530566767892	0.372876874192	0.854047872569	0.975845205245	0.0
P68133	P23528	0.444666069764	0.415107018471	0.31475641821	0.618472470061	0.473955724872	0.0
Q15544	P20226	0.679661867014	0.705404531698	0.365324326482	0.886184795273	0.639926179363	3.69456681687
Q9Y6K9	O15111	0.764756124893	0.916013074052	1.0	0.406768974998	0.916318654793	3.25284128927
P63167	Q9NQX3	0.22783656183	0.37328967199	0.113264575631	0.678356123226	0.852019815102	0.0
P42768	Q06187	0.185386444388	0.87454084864	0.839307851948	0.913167647138	0.925399620089	4.21346992814
Q15022	Q15910	0.834999967265	0.530566767892	0.593805449991	0.894015746991	0.909823623822	3.5763101216
Q92905	Q9BT78	0.644445486488	1.0	0.0516206996679	0.949103653265	0.987551779254	2.36583870758
P52435	P19387	0.710544427614	0.705404531698	0.83351513171	0.87961918662	0.962939243038	3.55708306661
Q9BVC4	P42345	0.191439491079	0.916013074052	0.0516206996679	0.721398148894	0.824673267057	4.77744393357
Q13263	P83916	0.727586937261	0.29037856381	0.24880721933	0.796338428259	0.983615380064	3.79756824075
Q13045	Q32MZ4	0.22783656183	0.16341796048	0.0516206996679	0.746800117523	0.969433347226	0.0
Q13480	O75791	0.185386444388	0.916013074052	0.593805449991	0.559563971508	0.183683950511	1.74796591604
Q9H944	Q9BUE0	0.636767449818	0.237799802729	0.642357982575	0.70716139343	0.93067486108	0.0
Q92905	P55789	0.150839924698	0.185623789345	0.113264575631	0.601169027933	0.885012552216	0.0
P26447	P23297	0.318221733278	0.188086647087	0.839307851948	0.66307966465	0.227940404013	5.20748905747
Q92934	Q92843	0.492258443474	0.757853743296	1.0	0.732222537126	0.732696997005	3.77064840605
P13984	P35269	0.929184537297	0.705404531698	0.198933325764	0.707728123828	0.979548179889	0.720060800212
Q16594	P62263	0.33564169504	0.36333959487	0.108559407569	0.814472834951	0.890739340601	0.0
Q9UBU9	P52948	0.823040089666	0.538573079205	0.268506099433	0.841746241065	0.987714515845	0.0
Q12846	P63027	0.790022968438	0.799867395662	0.623379654543	0.63462683759	0.643346600149	4.50094203751
Q99873	Q07666	0.191439491079	0.16341796048	0.839307851948	0.822736782129	0.977152776536	0.0
Q13546	Q9Y572	0.801195862222	0.92871132796	0.839307851948	0.789123574364	0.984466782058	3.77416153691
Q13257	Q15013	0.423593904781	0.435050640454	0.0516206996679	0.850177930994	0.518338511308	0.0
P61088	Q9Y4K3	0.185386444388	0.916013074052	1.0	0.71597491772	0.824394546579	3.52850663854
Q09472	Q15796	0.422871886816	0.464779290153	0.937048128116	0.703965000875	0.820113595491	3.48940804922
Q9BRG1	Q86VN1	0.395021248758	0.438932150673	0.0516206996679	0.608267755102	0.355894302537	0.17811457545
P62258	Q99759	0.185386444388	0.359006347977	0.192078708652	0.407668285727	0.380298792201	3.50362538632
P60568	P14784	-0.0	0.310465641968	0.0516206996679	0.683042769687	0.554683174435	3.68737097779
P21953	P12694	1.0	0.75068631948	1.0	0.685591797944	0.986754276137	4.8053602036
O75791	Q13094	0.185386444388	0.916013074052	0.0516206996679	0.780910163187	0.992191065184	2.58370766379
O60934	P49959	0.81694468444	0.708610202036	0.683185760451	0.831476165747	0.982203225211	4.50810713473
Q9Y6D9	Q13257	0.699065482757	0.8050057337	0.0516206996679	0.729919857678	0.969875080807	2.97004759634
P32780	P18074	0.78755361189	1.0	0.714973180952	0.46496433866	0.919772892022	5.04406087137
Q03167	P01137	0.403587586665	0.756312359623	0.901806441725	0.6165419288	0.385850985761	4.06807782274
P05067	Q99714	0.289576039985	0.317372523029	0.108559407569	0.545936373938	0.263621172848	0.0
O95983	Q13547	1.0	0.580634188927	1.0	0.791572213192	0.981199376637	3.52172795754
P10275	O43294	0.163005080427	0.575533251969	0.268422622616	0.725020522272	0.324966407453	3.44591828697
O00623	P40855	0.813787805743	0.708610202036	0.0516206996679	0.803273093362	0.874135556034	0.0
P46109	P19235	0.139677508839	0.466689446294	0.224212534926	0.619303598087	0.248503717829	1.6340123884
P43405	P22681	0.185386444388	0.324199053749	0.257432963616	0.835225767512	0.880065553667	5.25171036584
O43290	Q9BZL1	0.100443781596	0.392366587105	0.0516206996679	0.701393350782	0.936738787986	0.0
P68036	P22681	0.151772715712	0.384668852292	1.0	0.618482837193	0.777860322183	4.37755741554
Q14242	P16109	0.255605371999	0.813100614769	0.0516206996679	0.824932783487	0.479721822077	4.0582472514
Q15599	P13569	0.466083943431	0.188086647087	0.24880721933	0.732245906044	0.354874041333	4.89696168792
P12004	P26358	0.622428387514	0.301076518997	0.371730801067	0.941546273082	0.739775788102	0.0
P17301	P05556	0.887760147144	0.701935545762	1.0	0.743477390136	0.765691128611	6.14291533637
P12931	P22681	0.565951987115	0.460897779935	0.65035114553	0.686889165808	0.712546628478	4.79127467067
P01112	P42336	0.185386444388	0.916013074052	0.245644121197	0.473076826616	0.855241246754	3.40645233799
O75925	P63279	0.579035616728	0.627136364776	1.0	0.705014666104	0.884792066835	2.02121796107
P26358	Q13547	0.391256844932	0.618067232207	0.371730801067	0.917795014697	0.959968151535	2.04549692005
O15145	O15144	0.879596867575	1.0	0.758510256297	0.955181928374	0.986446025207	2.26118174073
O60683	P40855	0.813787805743	0.708610202036	0.0516206996679	0.781740353143	0.978154987979	0.0
P62333	P62195	0.726781098831	1.0	0.379542281069	0.873813577699	0.988755895469	3.28827072797
Q9UBY0	Q99653	0.131591701596	0.567556557138	0.268506099433	0.648839557215	0.430331760568	0.0
Q92905	Q13485	0.191439491079	0.297904749157	0.349661113929	0.726286585792	0.910783952787	0.0
Q12933	P26842	0.387881324379	0.603558961025	0.236783228192	0.654331580939	0.449215573505	3.31620817275
P07737	P60709	0.516824276122	0.434628266909	0.31475641821	0.959650721285	0.979777496902	4.12058918389
Q13155	P14868	0.185386444388	0.604020737037	0.0516206996679	0.853373977989	0.842234052551	3.84638674374
Q15811	P60953	0.409725475218	0.533832052099	0.104635268323	0.599240177868	0.706595075586	4.00749386477
P27986	Q07666	0.151772715712	0.525344945235	0.55893349888	0.777796550431	0.738813355964	0.0
P20226	O14981	0.100443781596	0.269777729247	0.281579282395	0.875313563523	0.978492038042	2.19870571147
P60880	O95295	0.786044504834	0.813387507973	0.51044044957	0.473890265351	0.356391040603	0.0
Q14186	Q15329	0.422871886816	0.46181222802	0.365324326482	0.760163323631	0.462230604602	3.94011619258
P98170	O43353	0.22783656183	0.640391841986	0.212043948552	0.710426266573	0.746674327946	3.15368757219
P11142	O95816	0.185386444388	0.561592694471	0.0516206996679	0.812688416652	0.416460221484	0.0
Q14186	Q01094	0.422871886816	0.834472829544	0.365324326482	0.776462018184	0.300548639246	3.94011619258
P12931	Q14289	0.723296562812	0.786133983881	0.606409176463	0.806760657092	0.408585427582	4.51366937192
P19174	Q07666	0.151772715712	0.416158282959	0.0516206996679	0.767669972528	0.961314177869	0.622607022496
Q9Y6N9	Q9H251	0.742953982488	1.0	0.0516206996679	0.766636125198	0.640551330438	3.87228213996
P62258	Q04917	0.414192693104	0.8050057337	1.0	0.828563403391	0.985802860968	0.0
P40855	Q9Y5Y5	0.813787805743	0.815721456051	0.0516206996679	0.78810901394	0.805965287419	0.0
P35568	Q06124	0.185386444388	0.916013074052	0.792307387229	0.70707045215	0.688886501466	2.58447280376
Q09472	Q04206	0.422871886816	0.573248919708	0.937048128116	0.756941256339	0.850300542284	4.17190904536
O43741	Q13131	0.755018749235	0.600057223034	0.799957139157	0.800358559341	0.91281373415	1.33158305223
P08631	P42768	0.381687602807	1.0	0.0516206996679	0.924596040395	0.882310134049	3.87983286752
Q13485	P63279	0.38813705697	0.330740714642	0.365324326482	0.781579449813	0.900497028503	0.0
O60216	Q8WVM7	0.476509621255	0.627136364776	0.0516206996679	0.860056774025	0.989849211216	4.00570127189
Q13464	P61586	0.689742286581	0.971986413951	0.245644121197	0.879237638521	0.935566218557	3.53572832292
P38398	P24928	0.304128422095	0.320520472976	1.0	0.635192845809	0.596233373071	3.28621675496
P04626	Q14451	0.136226702725	0.437621969724	0.839307851948	0.942432163929	0.727327020296	4.75682505364
Q00653	Q04206	0.862256989933	0.720843131377	1.0	0.888369509952	0.984339422793	5.38913388617
O60683	O00623	1.0	0.736200566531	0.268422622616	0.573337857731	0.790865173194	1.58767523967
Q13501	Q05513	0.324892843902	0.713196381662	0.372876874192	0.74570731527	0.679237939658	3.49324530787
P06239	P08575	0.441786985133	0.728578723623	0.473247819899	0.940677713937	0.987898927825	4.46554363226
P35998	Q16401	0.726781098831	1.0	0.0516206996679	0.827353238596	0.979290462291	1.8863100743
P19838	P25963	0.862256989933	0.916013074052	0.839307851948	0.873212276572	0.957412886128	4.25207335243
P68133	P06396	0.516824276122	0.567556557138	0.58992568032	0.740389599991	0.933989054359	0.0
Q9BPZ3	P11940	0.057594032682	0.427307942287	0.640553097534	0.779799455294	0.712812060885	1.88215159464
Q13094	P16333	0.3964000162	0.87454084864	0.0516206996679	0.80253567287	0.893900053479	2.58370766379
P12004	Q9H211	0.191439491079	0.715951097475	0.108559407569	0.917869147281	0.201109892621	1.86129153459
Q04206	Q92793	0.422871886816	0.573248919708	1.0	0.770134180016	0.929496507468	4.17190904536
Q86YC2	P51587	0.191439491079	0.721482957635	0.108559407569	0.818590368192	0.407117826361	4.2146950796
O60216	Q9UQE7	0.899252574766	0.627136364776	0.0516206996679	0.951571036051	0.957787956948	4.43831725609
P12004	P24941	0.374943884798	0.575533251969	0.113264575631	0.881865464721	0.938411602276	1.9588303706
Q8WUM4	Q96CF2	0.190621273174	0.834472829544	1.0	0.582732833133	0.895357889134	2.84287425552
Q9UIS9	Q13111	0.391256844932	0.126187098019	0.0516206996679	0.7625551847	0.91081422158	0.0
Q9NSA3	P35222	0.764756124893	0.838391392817	0.0516206996679	0.557539015979	0.934056223945	0.0
P61981	Q9Y2J2	0.282872737094	0.37328967199	0.0516206996679	0.736519644894	0.768587567244	2.46883039269
P27694	P54132	0.793800931312	0.673925468294	0.622418387641	0.761786728473	0.658178787512	4.23760793778
P56524	P61981	0.185386444388	0.366333297684	0.372876874192	0.683456993215	0.381334801321	3.37413448946
P05109	P06702	0.289209631681	0.92871132796	1.0	0.987082105902	0.992819271646	5.67505832378
Q07960	P61586	0.409725475218	0.344342635487	0.0516206996679	0.797044729119	0.786288831284	3.32330240508
P17858	P08237	0.929184537297	0.878336929348	1.0	0.685085636805	0.952637954786	0.0
P52298	Q09161	1.0	0.83440436092	0.858694313932	0.926842095383	0.977160909383	4.41510606314
Q14919	Q01658	0.100443781596	0.330740714642	1.0	0.798576139377	0.912925695952	1.22570699971
Q13200	Q16401	0.764696784216	1.0	0.0516206996679	0.719896069033	0.783369452245	0.573852829397
P15884	P35222	0.422871886816	0.445109724253	0.534041091206	0.705251594721	0.558593435755	1.81328375987
P35998	P62191	0.726781098831	1.0	0.379542281069	0.913800662178	0.985733142758	3.28827072797
Q99613	O75821	1.0	0.697170888646	0.595801662123	0.588583641794	0.979908827196	0.763175909056
P49427	Q13616	0.191439491079	0.435900627223	1.0	0.63405335013	0.841209561872	2.56807451333
O75791	O95630	0.324892843902	0.289655371784	0.0516206996679	0.445001973414	0.891540115791	0.0
P00533	P15941	0.466083943431	0.497814497907	0.108559407569	0.729342031236	0.318497898828	0.0
P12004	P20585	0.38813705697	0.637321529996	0.887060795027	0.741408516119	0.85292209557	2.28742767512
Q13617	P40337	0.191439491079	0.758312462477	0.24880721933	0.615523979691	0.847487884271	0.0
P12004	P09874	0.191439491079	0.669240636214	0.839307851948	0.920630662142	0.885786654434	0.0
P19838	Q13547	0.191439491079	0.420474209087	1.0	0.703637281004	0.967897276621	2.52890115914
O15371	O75821	1.0	0.697170888646	0.595801662123	0.955701221644	0.983530268109	0.0
Q00978	P52630	0.191439491079	0.65983195874	0.281579282395	0.906835211152	0.907295908656	1.78505909978
Q9Y294	Q9UKI8	0.100443781596	0.503418488631	0.0516206996679	0.895397048967	0.905948381807	0.0
P15170	P62495	0.0300352141288	0.593030279976	0.815804090266	0.897776948222	0.978174030963	0.0
O95400	O94906	1.0	1.0	0.569296392772	0.901778448834	0.978683668556	0.0
Q16254	P06400	0.422871886816	0.715951097475	0.365324326482	0.50792948688	0.622936690613	4.37681786295
Q15653	O14920	0.185386444388	0.595716982125	0.0516206996679	0.576058182532	0.97805812231	2.71314949359
Q15811	Q07889	0.349744495138	0.561690261868	0.620942058798	0.695170685135	0.696230325895	3.96689009287
P19838	Q01201	0.862256989933	0.720843131377	0.440136899325	0.904876304605	0.984104940545	5.71440593426
Q15843	P61081	0.190621273174	0.916857023141	1.0	0.882425070683	0.971099775346	3.46831702156
P27986	O60674	0.436719907846	0.726485730584	0.753492302507	0.697103645973	0.924768969315	4.68297061503
P53350	Q13526	0.643403515823	0.539515697776	0.372876874192	0.792775718799	0.743159511635	1.08851836072
Q8WUM4	Q9H444	0.204996426068	0.834472829544	1.0	0.823772224732	0.944549899033	2.84287425552
Q04637	P11940	0.185386444388	0.643556639801	0.297026619547	0.792286773302	0.98656903186	4.25305486077
Q99873	P61978	0.191439491079	0.206378877792	0.297026619547	0.824583344169	0.953021221116	0.0
O95400	P06729	0.0131748391633	0.11020707581	0.0516206996679	0.610954922428	0.895239084897	0.0
O15519	Q14790	1.0	0.744432784011	0.901806441725	0.892164173151	0.674519672928	4.14092968842
P27694	P23025	0.786044504834	1.0	0.647169542866	0.79962762755	0.954126843713	4.98802797158
O75928	P63165	0.579035616728	0.627136364776	1.0	0.796865552338	0.877368910751	0.0
Q9BUL8	O00506	0.260772124895	0.923239148815	1.0	0.602560091225	0.98974467847	1.983924154
P12004	P35249	0.87920606903	0.871608084573	0.197542098494	0.971778379745	0.968560070252	4.07846637493
Q09472	P38398	0.304128422095	0.582392314024	0.671207703721	0.677717838414	0.666913157898	2.69229702534
P53621	P35606	1.0	1.0	0.335589619643	0.865167162057	0.987111672695	3.42651473272
Q10567	O43747	1.0	0.657290051583	0.545735697395	0.672535753683	0.955993489229	3.85662615612
P20226	Q15573	0.422871886816	0.851949400681	0.108559407569	0.867536175913	0.785977443285	0.0
P05161	P41226	0.191439491079	0.815721456051	0.0516206996679	0.847459807114	0.702059685876	4.80335442644
Q13158	Q13546	0.964023179157	0.815721456051	0.839307851948	0.74920972084	0.960735930674	2.92841269599
P02511	P04792	1.0	0.4005056875	0.839307851948	0.707051623226	0.953795183917	4.7115366072
P05556	P08648	1.0	0.86822149948	0.522548745229	0.759448371719	0.965826162362	6.0243203388
Q9BXL7	O95999	0.874108706376	0.916013074052	0.0516206996679	0.457664929846	0.973951204253	2.87202262721
P40937	P35249	0.87920606903	0.871608084573	1.0	0.967933018171	0.976840267673	2.96278619604
P35869	O00170	0.191439491079	0.47179435954	0.365324326482	0.537522590954	0.608892977739	-0.123539961025
P98170	P55211	0.185386444388	0.453548381726	0.273642972904	0.635420354815	0.511445550725	3.94236370402
Q01094	Q14188	0.422871886816	0.473011507634	0.365324326482	0.648364498621	0.330906192407	3.94011619258
Q9BRG1	Q96FZ7	0.746827604567	0.548040512363	0.535152471701	0.913733504714	0.360091645116	0.0
P53992	Q15436	1.0	0.98000869659	0.268422622616	0.599342105691	0.946935092005	1.62932519242
O15287	O15360	0.737951649154	0.530566767892	0.0516206996679	0.892607321138	0.710084665458	0.0
Q14457	P10415	0.339226803829	0.664911894491	0.0516206996679	0.589954695124	0.853154008787	4.61640209206
Q9UJU2	P35222	0.541020382786	0.813387507973	0.700248549695	0.625279558665	0.1893457365	4.21114052035
Q9UKV0	O15379	0.797815784796	1.0	1.0	0.566447833141	0.978462247411	3.54803442079
P46527	P30281	0.304128422095	0.534943931184	0.24880721933	0.6343349644	0.595829304257	2.94634646353
P60880	P21579	0.643902853246	0.613168791501	0.697306683325	0.818227059051	0.99096465648	0.0
Q15797	Q9UNE7	0.191439491079	0.458212305863	0.839307851948	0.55220242909	0.531824778939	1.93590746881
P62877	Q93034	0.920231311429	0.369363638325	1.0	0.78645517595	0.917121415429	1.54720321239
O14618	P00441	0.185386444388	0.702731584142	1.0	0.742585096642	0.813556856167	4.72957249378
Q9NR28	Q9NR09	0.0843300250393	0.440705432767	0.0516206996679	0.719721364934	0.68352735584	2.99667763525
P49795	P08754	0.794771266108	0.267428737433	0.0516206996679	0.719111949656	0.761617401972	1.57264936401
Q06787	P51116	0.776912840973	0.555955787178	0.545882384953	0.477351335652	0.97911924222	4.77032086486
P38398	P51587	0.349043531038	0.728578723623	0.486052575143	0.904804920421	0.375315648098	5.19075178687
P34932	Q99933	0.185386444388	0.152142327697	0.0516206996679	0.638832757915	0.910722304196	0.0
P62310	Q9UK45	0.482779386833	0.817236693992	0.244817701945	0.923154683218	0.959799637738	0.0
P35998	Q13200	0.726781098831	1.0	0.0516206996679	0.837416290858	0.982992849776	1.8863100743
Q15631	Q99598	0.185386444388	0.578905613555	0.622418387641	0.846717180256	0.980393649649	4.55647496781
P68402	Q15102	0.190621273174	0.423834327615	1.0	0.645406885047	0.986944053812	0.0
Q7LBR1	O95630	0.324892843902	0.338551659536	0.345516049415	0.756625636118	0.875314361461	2.68037170631
Q14191	P13010	0.631090149481	0.633129968515	0.635187013834	0.818475867922	0.313197011719	5.19164815722
