Q9Y3U8	Q02543	0.956983803959	0.593030279976	0.477623020382	0.973391015752	0.885541482103	0.0
Q6UXN9	O15047	0.903481168232	0.717952631019	0.708740867096	0.692468217421	0.965792766334	3.11806136043
Q15382	P49815	0.499346562662	0.64134065365	0.24880721933	0.402633493946	0.810412394004	1.59237598186
Q14194	Q16555	0.499346562662	0.38050158459	0.505299293588	0.574101287252	0.990914910556	4.60744348143
P60880	Q16623	0.9237875149	0.813387507973	0.623379654543	0.814943379122	0.991588080987	0.0
Q04695	P02538	0.494760257373	0.342950427242	0.526580701005	0.872898331231	0.984581963579	4.29769302681
Q05586	Q12879	1.0	0.914348810058	0.846552421692	0.867345433611	0.992274407698	4.92445919382
P04233	P01903	1.0	0.622600824008	0.714973180952	0.978678640452	0.908572317512	0.0
Q9UKM9	P31943	0.551040588575	0.429690623682	0.297026619547	0.502556209936	0.982918085028	1.30245721167
P83731	Q71UM5	0.447575664084	0.435050640454	0.477623020382	0.892128933426	0.930880622755	0.0
Q6P2E9	Q8IU60	0.57352323675	0.817236693992	0.0516206996679	0.647687383645	0.772922855159	0.0
P53999	P33240	0.151772715712	0.142521928727	0.297026619547	0.774403778915	0.947193977684	0.0
P68106	Q92736	1.0	1.0	0.857486590476	0.655580596649	0.562195507555	0.0
P57678	Q8TEQ6	0.823040089666	0.83440436092	0.0516206996679	0.927915158613	0.971191129374	0.0
Q00610	Q9UJY4	0.790022968438	0.294395741387	0.24880721933	0.655023573715	0.595539057226	1.11991693806
Q9Y6N9	Q9H251	0.742953982488	1.0	0.0516206996679	0.766636125198	0.640551330438	3.87228213996
O43426	P49418	0.0701411784845	0.650194285595	0.0187331584839	0.656134451128	0.991569472512	0.0
Q13586	Q96D31	0.255605371999	0.536067962193	0.839307851948	0.856306782715	0.90923807829	3.17623300691
P08514	P05106	1.0	0.593623222451	0.839307851948	0.950763049631	0.99327861302	6.0243203388
P16157	Q5VST9	1.0	0.34664595583	0.335589619643	0.786033937252	0.393750301043	3.78745787545
P10275	Q9UNE7	0.191439491079	0.289552472512	0.740093730544	0.572159344084	0.333178949868	3.14570105191
Q9UHB7	P42568	0.665250573864	0.16341796048	0.0516206996679	0.726554935395	0.742868202584	2.47791129613
P23246	Q9Y2W1	0.191439491079	0.962607993445	0.500403049442	0.75167184467	0.97967337741	0.0
Q9P1U1	O15145	0.879596867575	0.631442912102	0.57059092948	0.624335046358	0.98032206155	0.0
Q13232	P15531	0.244477973309	1.0	0.697306683325	0.731176966151	0.819121576852	0.0
P62829	P62913	0.956983803959	0.593030279976	0.477623020382	0.966651166158	0.980308887274	0.0
P02792	P02794	1.0	0.580634188927	0.763290350502	0.954821071	0.984167194342	1.90901253945
Q9UL51	O60741	0.255605371999	0.754655706488	0.982840013832	0.775794122495	0.986833871568	5.39608288227
Q9UIV1	A5YKK6	0.72333173474	0.758312462477	0.753492302507	0.808786812127	0.943625300122	0.0
Q14573	Q9Y210	0.255605371999	0.469995226543	0.763290350502	0.560010022596	0.436596938647	2.07555950854
O94979	O75340	0.764756124893	0.527401970077	0.584367478352	0.69310875705	0.963906263703	0.0
P15531	O00746	0.244477973309	1.0	0.697306683325	0.817046189582	0.876775859303	0.0
P62258	P11388	0.293049690842	0.34664595583	1.0	0.789394429258	0.829033201415	0.0
O43516	O00401	0.409725475218	1.0	0.57059092948	0.490619211282	0.156442481815	4.05379643418
Q8NFJ9	Q9H0F7	0.780420359167	0.714845311841	0.0516206996679	0.705494981607	0.968902627722	2.24122711304
Q96PU5	O00141	0.191439491079	0.586001379543	0.771336346021	0.552539997409	0.743366080554	2.66033210685
P29083	P35269	0.191439491079	0.705404531698	0.108559407569	0.661837423135	0.979913928651	3.05103496824
P46781	P08708	1.0	0.593030279976	0.477623020382	0.963976249146	0.988325563927	0.0
Q9NP79	Q9NZZ3	0.395021248758	0.799867395662	0.0516206996679	0.944693511877	0.964629418594	0.0
Q16890	P55327	0.393764919323	0.0326145563799	1.0	0.591789567796	0.651345139827	0.0
O00192	P55291	0.129717437635	0.453042986047	0.0516206996679	0.900212251876	0.606006463846	3.58250182545
Q9NQT8	P78352	0.410678811376	0.347004936347	0.359698514058	0.595238717281	0.256741673769	3.14393631016
P13807	P46976	0.185386444388	0.595620330127	0.786229885714	0.79211778318	0.832282002318	0.0
O15066	Q9Y496	0.887760147144	0.815721456051	0.702864885293	0.81205065489	0.983582414122	4.61885701909
P50542	Q92968	0.813787805743	1.0	0.0516206996679	0.748472731126	0.980961497703	1.10997112647
Q99547	Q01780	0.794192778219	0.74500597186	0.244817701945	0.775943625702	0.467847591605	0.0
Q9NPP4	Q9HC29	0.22783656183	0.95951461827	0.269617435315	0.846025224636	0.427842976769	3.95148587618
P62249	P46782	1.0	0.593030279976	0.477623020382	0.978635299516	0.984899361873	0.0
P52435	Q00403	0.191439491079	0.705404531698	0.108559407569	0.79074294661	0.923380673056	3.00150910649
P62072	Q9Y5J7	1.0	0.857422655921	1.0	0.860692189127	0.874219387077	0.0
P63220	P23396	1.0	0.593030279976	0.477623020382	0.961538907048	0.954183580017	0.0
P17535	O00255	0.391256844932	0.75068631948	0.518668975558	0.746486061393	0.967309276114	3.09674924383
P06748	P49450	0.191439491079	1.0	1.0	0.846732910143	0.976322141553	3.49389022308
O15519	Q07817	0.185386444388	0.534943931184	0.345516049415	0.694416379085	0.330862856565	2.61100767236
P21796	P68363	0.190621273174	0.164387944103	0.24880721933	0.878177337474	0.885031480831	0.0
P21926	P26006	0.469840543365	0.352925869737	0.522548745229	0.713433136199	0.569957182469	0.0
Q8NHZ8	P30260	0.741463058964	0.668245120675	0.0516206996679	0.788277629899	0.637225549806	3.1096217676
Q9Y5Q9	Q8WUA4	0.81694468444	1.0	0.198933325764	0.839653963046	0.9837046064	2.77692256624
Q6NUQ1	O43264	0.305487623298	0.595716982125	0.0516206996679	0.808090236524	0.989408669237	2.39026154467
Q03135	P35354	0.565951987115	0.671267200358	0.839307851948	0.753553897904	0.570928293419	3.0844812249
O95983	Q8WXI9	0.440069883926	0.580634188927	1.0	0.660450681442	0.961772010815	0.0
Q12846	P54920	0.643902853246	0.510220822712	0.51044044957	0.841686924924	0.584559099886	0.0
P26641	Q13616	0.185386444388	0.205693984161	0.0516206996679	0.804360783687	0.489889078175	3.3007431106
P35611	Q92598	0.22783656183	0.479323169593	0.31475641821	0.510574554402	0.982511447524	0.0
O14776	Q15637	0.163005080427	0.287113279603	0.670278162725	0.7944508306	0.986150064174	1.43558515349
P28288	P33897	0.813787805743	1.0	1.0	0.333678287562	0.731192471092	4.68554714255
Q9BUF5	Q71U36	0.393931477179	0.652767533863	0.526580701005	0.871334720397	0.992845018327	5.6761019794
Q3SYG4	Q9BXC9	0.780420359167	0.714845311841	0.0516206996679	0.856451641683	0.981356403127	4.73928987444
Q9BPX3	Q15021	0.81694468444	0.736200566531	0.0516206996679	0.932056671841	0.517124862381	0.573852829397
Q06455	O75081	0.191439491079	0.29037856381	0.670278162725	0.704676513652	0.462996011989	0.0
Q9H410	O95229	0.5369264431	0.8050057337	0.0516206996679	0.899397197407	0.755558121499	0.0
Q14242	P16109	0.255605371999	0.813100614769	0.0516206996679	0.824932783487	0.479721822077	4.0582472514
Q9Y295	Q8WU90	0.057594032682	0.0226899406141	0.108559407569	0.899599950571	0.914851895458	0.162960310909
Q5XPI4	Q9BSL1	0.057594032682	0.384668852292	0.0187331584839	0.888142426744	0.845960762273	1.11147387966
O75530	Q92800	0.834999967265	0.721482957635	0.593805449991	0.657726394522	0.971641186646	3.56801337528
Q96T76	P18074	0.973440926903	0.543083031579	0.0516206996679	0.799360443108	0.948182438852	0.995329776429
P06730	Q13541	0.185386444388	0.518453040193	0.677665881225	0.641399092105	0.954116797403	3.38831015322
Q14126	P14923	0.822071772638	1.0	0.815804090266	0.78937254014	0.876136321004	3.83266474386
P29317	P29353	0.129717437635	0.409015565218	0.490532580383	0.703237551459	0.150531133714	4.27875410131
Q13617	P40337	0.191439491079	0.758312462477	0.24880721933	0.615523979691	0.847487884271	0.0
P51665	P25786	0.571963433676	1.0	0.0516206996679	0.883064770127	0.966816063297	3.64909162141
P54259	O00308	0.100443781596	0.330740714642	0.0516206996679	0.707613276703	0.870604065362	0.0
Q8WZA2	Q9UQ26	0.151772715712	0.615588851714	0.562305019425	0.721265545452	0.977044262422	2.36282010091
Q9BXL7	O95999	0.874108706376	0.916013074052	0.0516206996679	0.457664929846	0.973951204253	2.87202262721
Q9Y5B9	P16104	0.322306247091	0.496267885098	0.108559407569	0.756925036043	0.922336454668	4.46828991124
Q9UBU8	Q92993	0.842681494651	0.493242731315	0.261720178239	0.748628313625	0.921491313733	3.8478456971
O14662	O75379	0.790022968438	0.833434709881	0.623379654543	0.706817535972	0.852159118961	3.782561699
O60506	Q9NR22	0.100443781596	0.145469202284	0.0516206996679	0.254030156243	0.934292629027	0.478358763892
Q05397	P29317	0.689742286581	0.788811887437	0.490532580383	0.68038146926	0.649029048708	4.8202958552
O15530	Q16513	0.282872737094	0.8050057337	0.324934946398	0.840911682068	0.800311474605	4.09262818828
Q15435	P36873	0.322306247091	0.468227025736	0.0516206996679	0.860420249189	0.794301383593	0.0
Q15003	Q9BPX3	0.81694468444	0.736200566531	0.0516206996679	0.965135156098	0.985657520952	0.0
P23468	Q13332	0.255605371999	0.528446119285	1.0	0.720460133834	0.986287279985	4.84527548581
O15514	P19387	0.710544427614	0.705404531698	0.657855508746	0.867725087457	0.383715401988	4.18300670564
P15311	P32004	0.469840543365	0.38050158459	0.471428273379	0.498277697295	0.322756130795	2.88339961859
O43933	Q13608	0.813787805743	0.736200566531	0.476986475348	0.645698367631	0.431009507605	4.03915390281
P28066	P20618	0.874805218292	1.0	1.0	0.915570580415	0.978385176075	4.42809379547
P68363	P27986	0.151772715712	0.237118073237	0.24880721933	0.416482000956	0.296188893134	0.0
Q6FI81	O76003	0.163005080427	0.142079677533	0.60967057364	0.900672548787	0.97781488515	0.0
Q9H204	Q9NPJ6	0.636767449818	0.16341796048	0.0516206996679	0.875237691497	0.958624975328	0.0
P46060	P61956	0.100443781596	0.168109102971	0.0516206996679	0.666773395825	0.971831055132	1.72648460019
P43487	P62826	0.392853207362	0.318729374023	0.0516206996679	0.953492088125	0.959206319083	2.34585911769
Q99963	Q99962	0.190621273174	0.324199053749	0.839307851948	0.820197878129	0.990442360615	4.29907734759
Q9H1K0	P20339	0.95541855413	0.438932150673	0.104635268323	0.798104111359	0.526285656779	2.664779303
Q9NRW7	Q9H1K0	0.395021248758	0.352925869737	0.0516206996679	0.760392542542	0.872081443169	0.0
O15344	P62837	0.185386444388	0.280312552532	1.0	0.585988656524	0.715253826872	2.86111515644
P62241	P62266	1.0	0.593030279976	0.477623020382	0.962639575272	0.984819058973	0.0
Q9NPI6	Q6P2E9	0.57352323675	0.817236693992	0.0516206996679	0.755969900682	0.975301510163	3.56283373875
Q92747	O15144	0.879596867575	1.0	0.758510256297	0.774598681456	0.329015205334	2.79184065698
Q9Y6K9	O15111	0.764756124893	0.916013074052	1.0	0.406768974998	0.916318654793	3.25284128927
O94992	P50750	0.191439491079	0.281732471269	0.682235597745	0.740741262772	0.742870148984	1.91794749854
P13612	P49023	0.469840543365	0.720053914637	0.471428273379	0.571693575489	0.901439358854	4.53274848726
P25942	O00463	0.755018749235	0.501785949376	1.0	0.701062834149	0.602579413918	4.26495673788
A5YKK6	Q9ULM6	0.72333173474	0.815721456051	0.753492302507	0.873077288798	0.839947620561	4.86648327845
O95613	Q9NRI5	0.551040588575	0.540303465963	0.0516206996679	0.598710697381	0.773867060429	0.0
Q9BYE7	Q06587	0.802993583931	0.29037856381	0.268422622616	0.593194141155	0.940920000964	2.91342030764
O60671	Q99638	0.835571587596	0.599734791325	1.0	0.66962764757	0.874976388424	0.0
P31948	P34932	0.057594032682	0.152142327697	0.108559407569	0.937954798787	0.984058160605	0.0
Q7Z589	P83916	0.191439491079	0.16341796048	1.0	0.798832137076	0.923041086433	2.75122676
Q8N264	P21333	0.469840543365	0.394913155503	0.0516206996679	0.511662115289	0.334912965217	3.90619390208
Q13868	Q9NQT5	0.802993583931	1.0	0.661182385082	0.932796177962	0.984317912965	2.30059990939
Q9HAV0	Q9UBI6	0.190621273174	1.0	0.236783228192	0.64378821223	0.56690600826	4.60940250334
Q15022	Q92833	0.834999967265	0.530566767892	0.371730801067	0.812065764477	0.686076594295	3.15896671606
Q9NPF5	Q6ZRS2	0.191439491079	0.493242731315	0.35749195395	0.638147185578	0.985797193532	0.0
Q8N1F7	P37198	0.567422014158	1.0	0.763290350502	0.908705691937	0.956850294724	0.0
P36507	P10398	-0.0	0.44574575513	0.374035868369	0.891653409764	0.882583461809	3.8139745137
Q68CP9	Q96GM5	0.100443781596	1.0	0.0516206996679	0.624787045697	0.956910758315	0.0
P10721	P07948	0.69394066219	0.916013074052	0.774121590055	0.57363906141	0.476089189349	4.81771443111
P62330	Q99418	0.260772124895	0.419413126812	0.192078708652	0.584973402114	0.698516786605	3.43356962754
O60739	O75821	-0.0	0.554593544566	0.595801662123	0.625086252462	0.936425161466	0.0
P32942	P26038	0.190621273174	0.328914965864	0.471428273379	0.822830236385	0.960695681578	2.61588730678
Q92783	P40818	0.460658296757	0.164387944103	0.0516206996679	0.878557500686	0.912695416975	0.0
Q7L5N1	P61201	0.636767449818	1.0	0.0516206996679	0.820092754888	0.975380317359	3.39237457741
P61088	Q13049	0.185386444388	0.501785949376	1.0	0.844680826338	0.373297466603	2.86111515644
P05556	P08962	0.668516229692	0.579678040975	0.0516206996679	0.805774528078	0.917094954608	0.0
Q13291	Q92835	0.0701411784845	0.299365201417	0.0516206996679	0.900461049613	0.668119432628	1.65049195631
Q9H944	Q9NX70	0.636767449818	0.16341796048	0.0516206996679	0.73654093926	0.875472709808	0.0
P22087	P17844	0.33564169504	0.490567045129	0.297026619547	0.68649851103	0.966887767837	0.0
P61006	Q01968	0.675588807234	0.528206530336	0.562305019425	0.650286592277	0.482157101652	2.3628365738
P00533	O00459	0.151772715712	0.916013074052	1.0	0.738667396117	0.142983256137	5.2094033109
O75525	Q07666	0.191439491079	0.16341796048	0.512212936489	0.589642088975	0.981582141756	1.7485776928
P53041	Q9UHD1	-0.0	0.239999503735	0.145221161737	0.576383574778	0.919744996465	0.0
Q9H8S9	Q15208	0.057594032682	0.188086647087	0.145221161737	0.747355410389	0.960737991391	2.16849944975
P35080	P50552	0.24721271488	0.539515697776	0.57059092948	0.429258677324	0.117914253451	0.0
P25788	P49721	0.874805218292	1.0	1.0	0.877848881183	0.983886476544	4.42809379547
P11387	P09874	0.331502989505	0.339428501955	0.297026619547	0.699533341136	0.986058600806	0.0
Q9H9Q4	P49917	0.933393205716	0.673144111972	0.198933325764	0.655445447532	0.861489950111	4.2764751801
Q9ULG1	P25490	1.0	0.587854543439	0.108559407569	0.881274687255	0.971346689058	2.640945718
Q9Y6J0	Q14814	0.191439491079	0.0980753661515	-0.0	0.813054388008	0.963817230748	0.0
Q15370	Q96G25	0.191439491079	0.384668852292	0.0516206996679	0.781454792565	0.636809355053	0.0
P20138	Q06124	0.0432027283198	0.269862622205	0.0516206996679	0.507463831246	0.531317845241	3.16719168756
Q00978	P52630	0.191439491079	0.65983195874	0.281579282395	0.906835211152	0.907295908656	1.78505909978
Q8TCJ2	P04843	0.764756124893	0.54295082309	1.0	0.818840414689	0.958237657131	0.0
P29084	P29083	0.191439491079	0.705404531698	0.108559407569	0.850144436457	0.979211165948	1.28825149934
O00401	Q8TF74	0.22783656183	1.0	0.57059092948	0.650650292859	0.926893211649	3.22642633425
Q13347	P55884	1.0	0.697170888646	0.595801662123	0.872991535516	0.941654521324	2.57209542928
Q15648	Q93074	0.636767449818	0.643556639801	0.776972338849	0.632758553447	0.975896514944	3.19803550784
P49790	P12270	0.858369074593	1.0	0.839307851948	0.834431812529	0.984639818477	0.0
Q9HCS7	Q9UNP9	0.551040588575	0.429690623682	0.0516206996679	0.768033489049	0.940378346821	-0.0528653004229
P28676	P30626	0.190621273174	0.245949145255	1.0	0.721685243447	0.4901299453	3.83417472179
Q16186	P62195	0.615554188342	0.403264810709	0.0516206996679	0.907644943143	0.955983541203	0.0
P22570	P49789	0.244477973309	0.19946958265	0.113264575631	0.579910465113	0.910616703412	0.0
P41091	P05198	0.190621273174	0.427307942287	0.595801662123	0.845034701709	0.982729657858	0.483098725471
P54198	Q9Y294	0.440069883926	0.953386602806	0.371730801067	0.830874941183	0.786034029905	3.90921482371
Q9UIQ6	Q9H2K2	0.393764919323	0.457683524165	0.145221161737	0.840964743925	0.940854293108	0.0
Q14181	P49643	0.713830692191	0.720294497276	0.49497075281	0.840078999904	0.796574716862	0.0
Q15233	P23246	0.87920606903	0.657290051583	0.500403049442	0.877211898773	0.989732173421	3.23808224443
P17813	P36897	0.858369074593	0.794346419882	0.901806441725	0.646940872739	0.627459400258	3.42071754451
O43242	P62333	0.726781098831	1.0	0.0516206996679	0.735945378935	0.973020447637	2.28285579621
P07333	P07947	0.151772715712	0.446216455327	0.490532580383	0.397015255807	0.65922238321	4.90448156395
O75494	P35637	0.191439491079	0.429690623682	0.297026619547	0.85274963705	0.966721511341	1.69828814573
Q9UHD2	Q96CV9	0.324892843902	0.44527719936	0.0516206996679	0.765497236969	0.92688339664	2.21292834055
P16144	P23229	1.0	0.886273965747	0.257432963616	0.689633398794	0.720456052302	5.76023058053
Q9HCU8	P28340	0.191439491079	0.749792771373	0.65035114553	0.700536335456	0.656796699935	0.0
P51531	Q6STE5	1.0	0.465915741646	0.4876993324	0.529730857736	0.937849804124	3.20319198356
Q01196	Q04724	0.191439491079	0.249440487813	0.365324326482	0.63452710756	0.487244493478	4.73245404877
P52907	P47756	0.903481168232	0.721482957635	0.57059092948	0.801093965945	0.972036337441	0.0
Q96CV9	P61006	0.824273579371	0.471191144827	0.677643242516	0.594364270198	0.399688983024	0.0
Q92608	P15153	0.22783656183	0.379510272688	0.0187331584839	0.953199037632	0.979075757334	4.48716873656
P31949	P04271	0.87419767254	0.226783536281	1.0	0.555689065597	0.371180850144	5.20748905747
P40818	Q7LBR1	0.324892843902	0.338551659536	0.345516049415	0.796757835686	0.955193447158	2.22093122591
O60264	Q9NRG0	0.764756124893	0.465915741646	0.113264575631	0.749565295839	0.957579631883	2.59626551565
Q15223	P55196	0.608846404311	0.515635115602	0.471428273379	0.827971363728	0.855489251776	1.73240051814
P49720	Q9Y244	0.191439491079	0.0114820724314	0.0516206996679	0.921620732064	0.549163727255	0.0
Q9P2K3	O60341	0.100443781596	0.16341796048	0.371730801067	0.647462741768	0.98173977037	3.63233714998
Q99595	O43615	0.372717977212	0.601855439932	0.861332882034	0.797095215587	0.950027281572	0.0
Q8IW35	O43303	0.374943884798	0.266684957315	0.0516206996679	0.866137441228	0.910355929169	0.0
O60683	O00623	1.0	0.736200566531	0.268422622616	0.573337857731	0.790865173194	1.58767523967
P07195	P00338	0.244477973309	0.532732064998	0.834547055264	0.848999578351	0.899577068039	1.93882286461
P48059	Q15404	0.469840543365	0.572453142525	0.0516206996679	0.871100126799	0.992222742081	0.0
Q02241	P62330	0.643403515823	0.338551659536	0.316340044308	0.753931161485	0.711800493968	2.80515714226
P61224	O15211	0.0300352141288	0.546499379431	0.0516206996679	0.520677748881	0.711887065784	4.54807547645
P01137	Q14766	0.383874335636	0.561592694471	0.0516206996679	0.73424813373	0.990347750653	4.93077806111
P56524	Q96ST3	0.797815784796	0.573887651844	0.937048128116	0.748259246826	0.962543398749	3.89448143512
Q6P4R8	Q9Y5K5	1.0	0.432542032829	0.108559407569	0.710407752572	0.928823926412	0.0
Q07812	Q16611	0.54611601521	1.0	1.0	0.840931312549	0.967397930014	4.69150784187
P53350	Q13526	0.643403515823	0.539515697776	0.372876874192	0.792775718799	0.743159511635	1.08851836072
Q4VCS5	P35240	0.87419767254	0.634340225206	0.0516206996679	0.702575667263	0.722582930855	0.0
O94817	Q9NT62	0.151772715712	0.720294497276	0.887060795027	0.866466853397	0.638985610563	3.99863102461
Q14566	Q9H211	0.191439491079	0.643556639801	0.108559407569	0.929812245285	0.18793197123	1.20471194954
Q96EB6	Q01094	0.191439491079	0.743711228757	0.500403049442	0.423441361421	0.448396653051	2.41685059866
O00186	Q12846	0.737951649154	0.657290051583	0.51044044957	0.586595526535	0.869100895078	0.0
Q96LA8	P17096	0.191439491079	0.317372523029	0.0516206996679	0.624487683394	0.642506503854	0.0
P62316	Q9Y333	0.551040588575	0.429690623682	0.297026619547	0.934439504038	0.92605976011	0.0
Q9UPN9	O15164	0.191439491079	0.384668852292	1.0	0.876527253219	0.982958425705	5.46385244506
P63279	P25445	0.151772715712	0.257099832203	0.24880721933	0.441130882605	0.332999762051	-0.16056166184
Q9Y3C6	Q13573	0.551040588575	0.392366587105	0.0516206996679	0.826981606849	0.978592234244	0.0
P22459	P16389	0.551040588575	0.479323169593	0.631608180531	0.845475376149	0.960944506842	3.86817905714
P52756	O43143	0.482779386833	0.429690623682	0.297026619547	0.834417782807	0.976471266258	2.65607212245
P36404	O43924	0.561166691475	0.9742910918	0.78460909288	0.790258907409	0.880049724465	2.59740680877
O43439	Q06455	0.100443781596	0.29037856381	0.670278162725	0.60270957039	0.915310434231	0.0
Q99683	Q12933	0.858369074593	0.728578723623	0.839307851948	0.468400713558	0.902215438524	4.17021313767
Q15633	Q9UPY3	0.81694468444	0.887010128091	0.786229885714	0.456065645933	0.891020011405	4.34713460956
P48681	Q00535	0.22783656183	0.482630458217	0.0516206996679	0.618887318207	0.764231492356	0.0
O15116	Q9Y4Z0	0.33564169504	0.817236693992	0.297026619547	0.847869588553	0.831128772598	0.0
P26447	P23297	0.318221733278	0.188086647087	0.839307851948	0.66307966465	0.227940404013	5.20748905747
Q13823	Q9NY93	0.331502989505	0.458743820295	0.310272144301	0.810428961669	0.956936294021	1.77988767858
P36405	Q13432	0.423593904781	0.25399642996	0.0516206996679	0.721844603385	0.828419560054	2.59740680877
Q9P253	Q9H270	0.746129221737	0.285617647619	0.542085549652	0.782149331486	0.985518589895	0.0
Q9UKI2	P60953	0.22783656183	0.8050057337	0.24880721933	0.714185656829	0.715487213718	2.25760082871
P42773	P11802	0.185386444388	0.600057223034	0.929468908513	0.73968301277	0.62947788586	1.87257200087
Q96KQ7	Q9H9B1	0.322306247091	0.763184157504	0.834547055264	0.820136657959	0.983805930031	4.32885379564
Q7Z4G1	Q8N668	0.100443781596	0.572267967762	0.0516206996679	0.82805102082	0.883223687911	0.0
Q15599	P15311	0.469840543365	0.606112464838	0.0516206996679	0.622619384253	0.190240164062	1.06158980182
O75886	P23458	0.185386444388	0.279937195131	0.0516206996679	0.691333284398	0.868991832896	3.5896201274
Q15542	O75486	0.874108706376	0.493242731315	0.740093730544	0.797677489671	0.771026799841	2.96481604111
P30154	O00506	0.190621273174	0.341066401286	0.0516206996679	0.750378199479	0.796876188501	2.39585211775
O75822	O15372	1.0	0.697170888646	0.595801662123	0.854942342275	0.97332792095	3.3382224031
P49789	P10809	0.244477973309	0.301076518997	1.0	0.610399687752	0.907051981104	0.0
Q01968	P20340	0.790022968438	0.528206530336	0.197542098494	0.776125687687	0.788364354123	2.3628365738
Q8IWV7	P63146	0.523200219279	0.389881552594	1.0	0.785478060526	0.581103180272	3.51788882823
P24534	Q05639	0.858369074593	0.486202243744	0.697306683325	0.605764913373	0.858271723402	0.0
P40227	P78371	0.775520294288	0.652767533863	0.527613892562	0.961822702893	0.989738840446	5.01064355218
O43809	Q16630	0.945833202502	0.628624987512	0.545882384953	0.926103551477	0.966221033291	2.12589010387
Q07157	Q16625	1.0	0.561592694471	0.345516049415	0.622919568347	0.652205659672	1.05689742804
P62750	Q9UKD2	0.331502989505	0.11020707581	0.297026619547	0.746933198265	0.935136718325	0.0
P15153	Q13153	0.560274686777	0.8050057337	0.245644121197	0.680271229789	0.449160195194	3.07080336162
P35998	Q5VYK3	0.615554188342	0.354267798738	0.0516206996679	0.849631278422	0.966807625322	1.8863100743
Q15554	Q14191	0.191439491079	0.633129968515	1.0	0.668316333021	0.563071554617	2.10728047489
O43542	O43502	1.0	0.584770547348	0.878395671278	0.645842334867	0.577029117716	4.43203368713
P06401	Q8WYK2	0.191439491079	0.264485355879	0.308408618446	0.731704363599	0.364393605943	1.66585708685
P09619	P19174	0.282872737094	0.916013074052	0.372876874192	0.720438827515	0.822343121849	6.00745447203
Q8IXI2	Q9UPV9	0.244477973309	0.237118073237	0.0516206996679	0.628201160733	0.609053763548	0.0
Q14919	Q01658	0.100443781596	0.330740714642	1.0	0.798576139377	0.912925695952	1.22570699971
Q9C005	Q9UBL3	0.903481168232	0.717952631019	0.0516206996679	0.882907362864	0.915811565223	2.79210480898
Q03111	Q9UHB7	0.665250573864	0.225396304383	0.0516206996679	0.550570921737	0.910387621449	2.47791129613
Q07666	P16333	0.151772715712	0.714845311841	0.593805449991	0.823835042709	0.748312601165	0.0
Q9Y296	O43617	0.260772124895	0.25399642996	0.0516206996679	0.882141131038	0.931163575566	3.64317468352
P54136	Q13155	0.185386444388	0.604020737037	0.0516206996679	0.873047084565	0.936362436755	3.77965035269
Q8TE68	P07766	0.151772715712	0.204023827159	0.815804090266	0.684662210085	0.448782914161	2.62867167513
P56545	Q09472	0.151772715712	0.527401970077	0.4876993324	0.723069682592	0.45862976262	0.0
O14867	O15525	0.191439491079	0.16341796048	0.308408618446	0.685371981412	0.610774413141	3.387811976
P84095	Q86UP2	0.305487623298	0.289655371784	0.108559407569	0.400308316583	0.45582450549	0.0
Q13546	Q15628	0.964023179157	0.774020256182	0.916900502523	0.739871940084	0.969818028543	3.43725150225
Q96JB2	Q9H9E3	0.737951649154	0.683032720834	0.0516206996679	0.577788696165	0.963884232154	0.0
Q92833	P43694	0.191439491079	0.400203637904	0.371730801067	0.554992430073	0.322186599141	0.235306870397
P23025	P07992	0.398929680652	1.0	0.647169542866	0.83578357411	0.954833499659	4.65910942019
Q7L2H7	Q9UBQ5	1.0	0.697170888646	0.595801662123	0.887039032859	0.976975428133	4.04962636675
P62166	Q9UBF8	0.393764919323	0.606112464838	0.104635268323	0.649251540053	0.511372337206	1.87488828806
Q7Z6Z7	Q07820	0.191439491079	0.334333334598	0.0516206996679	0.674549259106	0.924514423348	4.96824026332
Q96HR3	Q13503	0.636767449818	0.486047643432	0.4876993324	0.905249942331	0.70771834073	0.0
O95197	Q9NQC3	0.251759994337	0.811211935521	0.0516206996679	0.880826528162	0.983732396928	0.0
P35251	P40938	0.87920606903	0.871608084573	1.0	0.874532290505	0.96800362198	2.69442712936
Q8IZP0	Q96F07	0.349744495138	1.0	0.0516206996679	0.676358162343	0.909839729375	0.0
P17987	P48643	0.775520294288	0.652767533863	0.527613892562	0.947243540332	0.991096548531	5.01064355218
Q9BXJ9	P41227	0.899252574766	0.728578723623	0.653836282491	0.642298682904	0.962724204883	0.0
Q14653	Q92793	0.191439491079	0.554593544566	0.4169067574	0.609427812355	0.934974365916	4.71338159904
P13726	P08709	0.289209631681	0.955097780533	0.104635268323	0.579425035598	0.444970482862	5.79968659284
P62314	Q15428	0.613387823828	0.601855439932	0.297026619547	0.547531205582	0.978197538464	0.0
P49427	P62877	0.191439491079	0.389337382998	1.0	0.776963674111	0.936456354554	2.18949831497
Q99767	P05067	0.349744495138	0.658627659825	0.0516206996679	0.570576842548	0.90459723049	0.0
Q96CW5	P23258	0.973440926903	0.714845311841	0.526580701005	0.780312963908	0.984915465066	4.15208697211
P98170	P42574	0.191439491079	0.453548381726	0.398679500414	0.77787744459	0.368025348159	3.58871164396
P46736	Q6UWZ7	0.78755361189	0.650194285595	0.634504194421	0.894844666389	0.925184154888	0.0
P43307	P27824	0.305487623298	0.278911970556	0.0516206996679	0.958045571514	0.977292267585	0.0
P04259	P19012	0.494760257373	0.23389526499	0.526580701005	0.86756025901	0.992795369171	4.29769302681
O60260	P62253	0.057594032682	0.620606813425	1.0	0.40122217927	0.185921157805	3.30188664946
O60828	Q9Y2W2	0.507087708384	0.392366587105	0.108559407569	0.851500726493	0.983560877463	0.0
P52803	P29320	0.251894865798	0.662841975951	0.0516206996679	0.734894654527	0.657816685501	5.72978433397
Q01518	P23528	0.706746361556	0.584770547348	0.57059092948	0.916375088599	0.923274658173	0.0
Q13164	Q13163	0.185386444388	1.0	0.374035868369	0.738378862776	0.663194458866	3.47672771587
P49841	O75581	0.499346562662	0.560406882599	0.257432963616	0.677859273746	0.432720865271	2.12155604919
Q9UQB8	P54259	0.191439491079	0.216176740309	0.0516206996679	0.868111368389	0.381111033258	0.0
P42229	Q13287	0.191439491079	0.493990718711	0.0516206996679	0.799263961942	0.927793286424	0.0
Q12962	P21675	0.679661867014	0.705404531698	0.586187024871	0.458337405003	0.898771555811	3.47158629082
P40306	P25787	0.874805218292	1.0	1.0	0.767907831624	0.39419503481	4.42809379547
Q9BTM9	Q7Z7A3	0.185386444388	1.0	0.212043948552	0.857346296232	0.517640433212	4.12475090286
Q15691	Q99661	0.814782840914	0.8050057337	0.849425774119	0.832426978541	0.867782391472	0.194303387536
Q9Y2I2	Q9HCJ2	0.129717437635	0.347004936347	0.0516206996679	0.769180844668	0.945524529427	4.3929073164
Q9Y297	P19838	0.191439491079	0.573248919708	0.740093730544	0.686101465587	0.708053549609	4.09698348157
Q15303	Q02297	0.139677508839	0.916013074052	0.257432963616	0.773420541709	0.387570994527	5.4706645095
Q9NRZ9	Q13547	0.391256844932	0.530566767892	0.197542098494	0.787388916068	0.767282532563	0.0
O75506	Q9Y3C0	0.22783656183	-0.0	0.0516206996679	0.90160760836	0.52379301203	0.0
Q92572	O14617	0.547325083959	0.806669897616	0.268506099433	0.569501943021	0.887828821861	3.32155264472
P47897	P14868	0.185386444388	0.604020737037	0.610978892983	0.854096459663	0.898890401081	5.00935522989
P42766	P61254	0.956983803959	0.593030279976	0.477623020382	0.965012359039	0.988928183527	0.0
P35609	P22460	1.0	0.677521275263	0.31475641821	0.849053555696	0.545067098823	4.28882005069
Q14686	O15550	0.664547575235	0.394341777291	0.0516206996679	0.735271696583	0.920653303815	4.01948357187
Q14192	Q13683	0.468250537405	0.404201216088	0.257432963616	0.661124297461	0.745606959736	3.7815388826
Q9H444	Q9H3S7	0.324892843902	0.438932150673	0.0516206996679	0.62447542313	0.948772753507	3.5727131528
P59768	Q9HAV0	0.190621273174	1.0	0.236783228192	0.849854436179	0.96778598606	4.60940250334
P22681	P08581	0.363663445451	0.314974408366	0.224212534926	0.645819269073	0.627748297477	4.14474929141
O75688	P05161	0.185386444388	0.618067232207	0.0516206996679	0.48342236623	0.837081013859	0.0
Q9Y5Q8	Q9UKN8	0.81694468444	1.0	0.198933325764	0.812889442337	0.985345643533	1.57461576637
Q14019	P09917	0.432286011703	0.673144111972	0.0516206996679	0.867748430512	0.736528346799	0.0
Q9HBM6	P49848	0.874108706376	0.705404531698	1.0	0.547207841584	0.98193988937	3.26453463269
Q8WXI9	Q16576	0.191439491079	0.580634188927	0.108559407569	0.546534995161	0.950417133526	0.89806980998
Q15942	Q8N8S7	1.0	0.342089771059	0.0516206996679	0.561850524252	0.558583175064	0.0
Q9HBM1	Q8NBT2	0.858369074593	0.8050057337	0.0516206996679	0.951963270361	0.980749502366	0.0
O94782	Q8TAF3	0.100443781596	0.509345516888	0.0516206996679	0.811451446275	0.828276568696	0.0
P29353	Q9UQC2	0.185386444388	0.916013074052	1.0	0.734304632099	0.280412486733	1.74654159369
P08865	P46781	1.0	0.593030279976	0.477623020382	0.962114731158	0.979142992282	0.0
Q9UBX5	Q08397	0.383874335636	0.387189047683	0.143251577089	0.819301573068	0.980080733042	4.80629685556
P28074	O14818	0.874805218292	1.0	1.0	0.942296874805	0.921058673543	4.42809379547
P78559	Q9H492	0.443736383579	0.469995226543	0.524863344738	0.82051900132	0.976631549791	3.00906264417
Q12770	Q9Y5U4	0.251759994337	0.799867395662	0.0516206996679	0.489057540717	0.380905347743	0.0
Q9Y5S9	P61326	0.69394066219	1.0	0.297026619547	0.86958904657	0.98748619808	2.66124116785
P20273	P43405	0.387881324379	0.256875028149	0.0516206996679	0.780346099786	0.968277417673	3.36452080691
Q96CS3	P55072	0.704606861759	0.479323169593	0.544504524661	0.803331944611	0.957327344862	5.0281019492
Q8N122	Q9BVC4	0.191439491079	0.74500597186	0.0516206996679	0.822128803613	0.887018572299	4.27186518315
Q6PD62	Q92541	0.862256989933	0.964643407875	0.0516206996679	0.891464275054	0.987224381637	0.0
P15374	Q15843	0.190621273174	0.357005354634	0.0516206996679	0.890673573289	0.836989677853	0.0
P62280	P46783	1.0	0.593030279976	0.297026619547	0.95537901178	0.988381301435	0.0
Q16623	Q01959	0.318221733278	0.454056273195	0.535152471701	0.759459672302	0.868162809816	0.0
P61964	Q9UPS6	0.903481168232	0.717952631019	0.708740867096	0.717659200879	0.853963533871	3.11806136043
Q96KP1	Q8IYI6	0.758412138061	0.387989423813	0.920447888359	0.795098231009	0.984838000592	1.16140861993
Q9NPF4	Q96S44	0.887760147144	0.834472829544	0.212043948552	0.747598609184	0.982710971021	0.0
Q08170	Q8IYB3	0.507087708384	0.606232603224	0.297026619547	0.935217630514	0.975568467062	0.0
Q9Y6D6	Q9Y6D5	0.790022968438	0.561690261868	1.0	0.909858603454	0.983412157318	5.26630559448
O95352	Q9H0R8	0.685297079599	0.720294497276	0.365324326482	0.636619711104	0.719995259003	1.986154474
Q15388	O96008	0.775520294288	0.601855439932	0.776972338849	0.674544001399	0.46917480287	0.0
O95163	Q9H9T3	0.81694468444	0.705404531698	0.966660453582	0.836153538641	0.977320466097	0.0
Q9Y230	P60709	0.842681494651	0.465915741646	1.0	0.710113237282	0.598912017106	0.87068111673
P37108	P49458	1.0	0.518453040193	0.786229885714	0.929274147822	0.939484041163	3.94478820982
Q04727	Q02548	0.100443781596	0.330740714642	0.281579282395	0.700561502767	0.835655402103	1.79944069239
Q9UBB5	O94776	0.797815784796	0.580634188927	1.0	0.591395879156	0.981091767264	2.64833950304
P06756	P26012	0.929184537297	0.579678040975	0.928743295238	0.734902216304	0.760611216519	5.71650716988
O43660	Q99459	0.786044504834	0.429690623682	0.0516206996679	0.862940610298	0.987029626459	1.07036575787
O95154	O43488	0.190621273174	0.580634188927	0.807048942137	0.963273210697	0.92946940069	0.0
P52566	P60763	0.22783656183	0.357005354634	0.431565319688	0.516626563908	0.958078855142	0.900156708172
P51955	Q8NG66	0.331502989505	0.294072828049	0.374035868369	0.547706238296	0.480393039021	2.17367024709
Q96RL1	Q9NWV8	0.78755361189	0.686877523753	0.0516206996679	0.72549677142	0.944365857029	0.0
Q9UK53	O75446	0.100443781596	0.327715560858	0.145221161737	0.841189138076	0.647260603568	0.0
P36873	Q12972	0.507087708384	0.214378481146	0.325514929288	0.931693699369	0.908852744665	2.18906118854
O00459	P42336	0.699181047605	1.0	0.902875754883	0.384753523061	0.772236365945	4.96449862133
P02786	Q30201	0.824273579371	0.763184157504	0.0516206996679	0.501812221397	0.618475994112	5.13398545322
P54105	P62318	0.890940910535	0.83440436092	0.297026619547	0.8901287395	0.965636264854	0.0
Q9Y6K1	O75925	0.191439491079	0.369864900058	0.212043948552	0.585693012552	0.8163533809	0.0
P15927	P27694	0.786044504834	1.0	0.647169542866	0.918668133532	0.983557494919	4.75680970632
P05455	P19338	0.33564169504	0.381754314007	0.297026619547	0.92687187813	0.986126032943	2.57053729638
P08708	P62273	1.0	0.593030279976	0.477623020382	0.969125505271	0.804883458991	0.0
P55036	P62191	0.764696784216	1.0	0.297026619547	0.927823130061	0.988025516902	0.566422555425
Q8IY18	Q96SB8	0.801195862222	0.711771639229	0.269617435315	0.859662709979	0.988300781196	2.43920428325
P50402	O75531	0.163005080427	1.0	0.0516206996679	0.794619540769	0.64040149629	0.0
Q04759	O14920	0.204996426068	0.916013074052	0.324934946398	0.767684831718	0.924045137929	4.24168286499
P41252	Q9P2J5	0.185386444388	0.763003724303	0.744547385504	0.885512316921	0.983874967694	3.50857782261
Q13418	Q9NVD7	0.469840543365	0.720053914637	0.0516206996679	0.820329851331	0.954018363245	1.08525721343
Q14191	P13010	0.631090149481	0.633129968515	0.635187013834	0.818475867922	0.313197011719	5.19164815722
O00330	P10515	0.401815892841	1.0	0.436153580755	0.935834071069	0.991461320169	6.05216363104
P05387	P62829	0.956983803959	0.593030279976	0.477623020382	0.930665677736	0.981088275037	0.0
P51149	Q96NA2	0.637618207091	0.689548864869	0.562305019425	0.646652642064	0.27583709988	0.0
Q9NVA2	Q15019	0.381687602807	0.338551659536	0.419503665249	0.833987852414	0.962170656792	4.14262381046
Q96EB1	O95163	0.81694468444	0.705404531698	0.966660453582	0.831971253712	0.796191652873	0.0192619891308
P08631	Q8WUM4	0.469840543365	0.516565871399	0.257432963616	0.607888440361	0.681508742428	0.0
O95782	Q9Y6I3	0.759614562328	0.613168791501	0.0516206996679	0.940729965829	0.977823003097	0.0
O43929	Q9Y5N6	1.0	0.435900627223	0.108559407569	0.669653532455	0.973677861346	3.20031267302
P62826	Q9HAV4	0.929184537297	1.0	0.786229885714	0.945503558723	0.925331120705	2.22276973411
P35222	Q92997	0.185386444388	0.578905613555	0.257432963616	0.647701055954	0.870599711277	1.65783640482
Q66GS9	Q9HC77	0.540276419181	0.686877523753	0.0516206996679	0.759784729067	0.245588592334	0.0
Q9NVP2	Q8TEX9	0.440069883926	1.0	0.0516206996679	0.851728449055	0.871376832401	0.0
P12755	P12757	0.191439491079	0.566032857956	0.75147079232	0.744777967148	0.466184392284	0.0
Q9NUP9	P48050	0.708064918781	0.322768602128	0.544504524661	0.345199426159	0.673706886477	0.0
Q9C086	Q9ULG1	1.0	0.465915741646	0.104635268323	0.731066773191	0.961307616689	0.0
Q9NTI5	Q8WVM7	0.476509621255	0.431310307765	0.0516206996679	0.898742160228	0.988400208294	2.00948938837
Q99567	P52948	0.567422014158	1.0	0.268506099433	0.792530877065	0.990022525212	0.0
Q6ZNE5	Q8NEB9	0.835571587596	0.664911894491	0.0516206996679	0.792161488835	0.830184394717	3.35920635125
Q969N2	O43292	0.941213221031	0.799867395662	0.898576667571	0.864043059105	0.972200536851	0.0
P09651	P31942	0.482779386833	0.392366587105	0.297026619547	0.933555687914	0.985443091326	1.30245721167
P13073	P00395	0.363261220062	0.514712707504	1.0	0.651627901892	0.97989233449	0.0
O43707	O00151	0.469840543365	0.430902989159	0.4876993324	0.807021891606	0.930946004014	3.11915943346
P20618	P49720	0.874805218292	1.0	1.0	0.915283126662	0.987775223808	4.28800457366
Q92900	O95793	0.505900693806	0.476751840324	0.297026619547	0.797042924268	0.850541897991	1.9720775719
Q13535	O14757	0.322306247091	0.753381713895	0.324934946398	0.779747236576	0.823392458369	3.61814511518
Q9NYJ8	P51617	0.395021248758	0.640391841986	0.104635268323	0.474024438208	0.449882038199	2.71118375038
P21912	P31040	1.0	0.811211935521	1.0	0.897144167126	0.989425173733	0.0
P15170	Q8IYD1	0.0300352141288	0.593030279976	0.431565319688	0.736325752243	0.992580228989	0.583726775992
P49795	P04899	0.794771266108	0.280030906129	0.0516206996679	0.878701627365	0.947299200859	1.57264936401
P61163	Q9UJW0	0.903481168232	0.622600824008	0.0187331584839	0.773148063829	0.923642458677	0.0
Q96T88	P26358	0.622428387514	0.940770350999	0.753492302507	0.931885296564	0.501312098631	-0.397298259964
Q96C24	P61764	0.415583678864	0.586001379543	0.542085549652	0.641023449269	0.403540704478	0.0
Q96IJ6	Q9Y5P6	0.190621273174	1.0	0.49497075281	0.91445383704	0.967500394376	0.0
P17980	Q9BRP4	0.615554188342	0.318729374023	0.0516206996679	0.793630960853	0.957355040385	2.16441945076
Q9H2F5	Q9NXR8	1.0	0.744432784011	0.586187024871	0.919848915887	0.946340641205	0.0
Q9BYG3	P46013	0.465018294934	0.11020707581	0.297026619547	0.731792427106	0.489311693292	3.767010712
O14618	P00441	0.185386444388	0.702731584142	1.0	0.742585096642	0.813556856167	4.72957249378
O15357	P22681	0.185386444388	0.324199053749	0.512212936489	0.679586221903	0.953276821174	3.89939395549
Q9GZS1	O15160	0.794192778219	0.851949400681	0.801671882124	0.860914201456	0.993307149076	0.0
P62306	Q9UHI6	0.716738149186	0.83440436092	0.108559407569	0.857598731882	0.919234440955	0.0
O43264	Q9H900	0.5369264431	0.828102892358	0.0516206996679	0.872485136284	0.97672517622	2.39026154467
Q9Y239	O43353	0.185386444388	0.726485730584	1.0	0.667441532889	0.854562115429	3.48566405353
Q9BUE0	Q9Y3C7	0.636767449818	0.237799802729	0.642357982575	0.73574535541	0.949513630076	0.0
P20929	Q8WZ42	1.0	0.623210694622	0.61823849856	0.904784041206	0.685646099777	3.25924480713
Q9NXR8	Q9NPF5	0.842681494651	0.744432784011	0.0516206996679	0.654807733073	0.95247950683	0.0
Q9UBP6	P57081	0.191439491079	0.887010128091	0.928743295238	0.87180861672	0.955519823739	0.81510507823
Q14697	P14314	0.462867370923	0.54295082309	0.0187331584839	0.948475489102	0.950716474962	1.69688398998
P05161	P41226	0.191439491079	0.815721456051	0.0516206996679	0.847459807114	0.702059685876	4.80335442644
Q9GZS3	Q6PD62	0.862256989933	1.0	0.0516206996679	0.851360534232	0.577282093526	2.81460795837
P55060	Q96KP4	0.190621273174	0.0326145563799	0.0187331584839	0.715186390526	0.359399569696	0.0
P51784	Q93009	0.100443781596	0.509345516888	0.57988098278	0.699329796705	0.985297195107	0.0
P26599	Q14103	0.191439491079	0.392366587105	0.297026619547	0.901885751568	0.970314566968	2.15882811341
Q9NPD3	Q9NQT4	0.802993583931	1.0	0.661182385082	0.919386761459	0.988771049961	1.46588762515
Q9NYB9	Q92558	0.78755361189	0.799867395662	0.804688707283	0.773343343144	0.977982848637	4.06373753417
O60832	Q96HR8	0.752467372777	0.708610202036	0.297026619547	0.771658478666	0.941548663213	0.0
P11142	O95817	0.185386444388	0.561592694471	0.306578272862	0.727913989931	0.19254220618	0.0
P21127	P30281	0.100443781596	0.239999503735	1.0	0.894476602778	0.751646990561	3.32504959568
Q13257	Q9UJX6	0.185386444388	0.668245120675	0.0516206996679	0.469407827084	0.773436784406	0.0
P78371	P62714	0.293049690842	0.11999153746	0.104635268323	0.81628402627	0.967761588396	0.0
Q99689	Q05513	0.410678811376	0.386131477299	0.372876874192	0.581129223782	0.790525978719	0.0
Q9NRF2	O60674	0.185386444388	0.352925869737	0.0516206996679	0.459873715341	0.123884338254	4.09309953423
Q92888	Q14344	0.129717437635	0.316968933969	0.108559407569	0.515563481321	0.476178696096	2.12208460228
Q86YB8	P07237	0.287356020951	0.858620379864	1.0	0.51353204521	0.812994243806	0.0
Q99728	O14867	0.191439491079	0.417232782796	0.108559407569	0.638139864126	0.311678869321	3.76031688016
P78527	Q13315	0.191439491079	0.997213592623	0.857486590476	0.838853213829	0.929629222337	4.2429307627
P61968	P38398	0.151772715712	0.356019270248	0.342556270367	0.506537187619	0.635360819645	0.0
P42680	Q99704	0.185386444388	0.312630939073	0.257432963616	0.655504608046	0.962728973978	2.69243110995
P05423	Q9Y2S0	0.704704831584	0.920789009091	0.756791342556	0.742427649669	0.649121092831	0.0
Q05655	P06241	0.244477973309	1.0	0.606409176463	0.534902849867	0.960885542903	4.06712968099
Q99816	O60291	0.460658296757	0.438932150673	0.0516206996679	0.7239124273	0.91388210392	2.30819557063
Q9UJY1	P04792	0.100443781596	-0.0	0.839307851948	0.788805169745	0.865127214411	4.40430646262
Q96A65	O60645	0.758412138061	0.387989423813	0.0516206996679	0.759926582752	0.985843258814	0.0
O00422	Q9UMX1	0.191439491079	0.287113279603	0.670278162725	0.42416199007	0.277424405303	0.0
Q13564	P61081	0.185386444388	0.916857023141	1.0	0.654290005365	0.805768155909	0.0
P61020	Q15075	0.567690368147	0.438932150673	0.708740867096	0.673262123922	0.858757523887	2.664779303
Q969T4	Q99942	0.057594032682	0.620606813425	1.0	0.819531803278	0.90405051354	2.86111515644
Q99418	P84077	0.260772124895	0.357005354634	0.192078708652	0.817357861233	0.838540056762	3.43356962754
P17096	P17676	0.422871886816	0.341066401286	0.47263771903	0.684205970464	0.427870684353	0.0
P51948	P51946	0.755018749235	1.0	0.714973180952	0.870802675727	0.982533611527	-3.18526372219
O95786	Q14258	0.185386444388	0.618067232207	0.268422622616	0.784552193939	0.863825510079	3.55635470059
Q13769	Q8NI27	1.0	0.886273965747	0.244817701945	0.594170081064	0.98986173361	0.0
Q9NQT4	Q96B26	0.741463058964	0.817236693992	0.640553097534	0.817646419806	0.978717236816	1.46588762515
P53618	Q9UBF2	1.0	0.868727051833	0.335589619643	0.584602356479	0.961283999751	5.36405010283
P61981	Q7KZI7	0.0843300250393	0.37328967199	0.487676794118	0.607368551486	0.631525143737	3.19403801178
Q13489	P55210	0.191439491079	0.453548381726	0.113264575631	0.732229392557	0.761095555296	4.05449085446
Q9NTG7	Q13309	0.150839924698	0.161534631512	0.212043948552	0.552930102365	0.279339142084	0.0
Q86YC2	Q9UBU8	0.191439491079	0.584770547348	0.0516206996679	0.775377689634	0.299967518881	3.60310368312
Q9Y6G9	Q14204	0.66713618645	0.455079642969	0.552122949781	0.732017535407	0.969783728655	0.583726775992
Q9BVW5	Q9UNS1	0.440069883926	0.381754314007	0.0516206996679	0.882938127111	0.97772716222	0.0
Q96CW1	P63010	1.0	0.657290051583	1.0	0.907024266281	0.985900434919	3.37947676474
Q9UJA5	Q96FX7	1.0	0.714845311841	-0.0	0.523217582094	0.974406082383	0.0
Q04206	Q8WTS6	0.191439491079	0.234135003592	0.0516206996679	0.595996496678	0.364891135713	4.03402325906
O75436	Q9UBQ0	0.746827604567	0.753381713895	0.545735697395	0.848025826271	0.969402432346	2.98509101798
Q9UPY8	Q15555	0.814782840914	0.381754314007	0.524863344738	0.607698027265	0.953707183915	1.22978488441
Q8WYA1	O15516	0.422871886816	0.461991915931	0.788869830655	0.610460070316	0.443518770464	4.28859441523
P42262	Q9Y3R0	0.459208894004	0.322768602128	0.0516206996679	0.753506767308	0.807677952947	3.29117901648
Q9Y5N5	Q9UI30	0.151772715712	0.496267885098	0.561789285145	0.708057324519	0.921049468388	0.0
Q92769	O75182	1.0	0.591362406068	0.669094110528	0.456962823655	0.9592490083	3.89448143512
Q9H2C0	P46821	0.22783656183	0.287515815591	0.0516206996679	0.578877394013	0.856518293467	0.0
Q15019	Q16181	1.0	0.504125436669	0.419503665249	0.871920589738	0.969456859473	4.14262381046
Q14190	P27540	0.191439491079	0.291211344179	1.0	0.675377510752	0.674632461651	4.2462878817
P22626	P14866	0.33564169504	0.392366587105	0.297026619547	0.836687105303	0.9651719683	2.15882811341
O95631	P43146	0.057594032682	0.834472829544	0.0516206996679	0.849125355986	0.816004206772	5.09450229993
O76071	Q96T76	0.973440926903	0.78003109948	0.0516206996679	0.871891645356	0.898993508488	1.52414649868
Q9Y4Z0	O43172	0.633889368881	0.392366587105	0.244817701945	0.903048034357	0.980120233514	0.0
Q86YM7	P21817	0.977264972912	0.812877595863	0.0516206996679	0.53554857533	0.852452740622	3.41688818567
Q05516	P29590	0.579035616728	0.416158282959	1.0	0.647314683537	0.654376341946	1.3556857734
O43684	O43670	0.5369264431	0.677521275263	0.0516206996679	0.892341945888	0.973486542975	2.06379280182
P62917	O00267	0.150839924698	0.461991915931	0.297026619547	0.692312328068	0.902222882867	0.0
Q99873	O43390	0.191439491079	0.120825604238	0.297026619547	0.856324772287	0.968124764207	0.478358763892
P45985	Q99683	0.185386444388	0.733156493091	0.372876874192	0.77075756874	0.907462888551	3.52567413625
O15228	O00116	1.0	1.0	0.212043948552	0.825274458795	0.958911981438	0.0
P54132	P40692	0.793800931312	1.0	0.622418387641	0.824764049442	0.56420341238	1.66492219878
Q9NZU7	Q13936	0.723296562812	0.668945659088	0.145221161737	0.863683608623	0.222386145636	4.76938895476
O14908	Q9UM54	0.487768328228	0.613168791501	0.57059092948	0.662271320754	0.798079746279	-0.271871092931
Q02790	Q92990	0.151772715712	0.216176740309	0.257432963616	0.612902401827	0.974883885704	0.0
Q99741	P25205	0.293049690842	0.435900627223	0.269617435315	0.929490280838	0.879905936525	1.90948250543
O95400	P14678	0.633889368881	0.83440436092	0.0516206996679	0.885074935034	0.981417232398	0.0
Q96IZ0	O43293	0.100443781596	0.34664595583	1.0	0.65395968599	0.726140627733	0.0
Q07021	P50281	0.150839924698	0.41865384628	0.261720178239	0.367848903437	0.606101493252	0.0
Q9H269	Q96AX1	0.746129221737	0.25399642996	0.0516206996679	0.734550527292	0.975541376272	0.0
P05386	P05388	0.956983803959	0.593030279976	0.477623020382	0.970163023516	0.950230297847	0.0
O14746	Q96BK5	0.657179658737	0.763003724303	0.928743295238	0.780861316044	0.748951010208	0.0
P23588	Q14152	0.185386444388	0.554593544566	0.595801662123	0.894138702517	0.985280753391	0.634350271882
P09914	O14879	0.185386444388	0.65983195874	0.0516206996679	0.984987239767	0.932932143113	3.39812452182
O43681	Q7L5D6	0.057594032682	0.973233939856	0.0516206996679	0.70841420913	0.982493313133	0.0
Q7LBR1	O95630	0.324892843902	0.338551659536	0.345516049415	0.756625636118	0.875314361461	2.68037170631
P63151	P30154	0.0432027283198	0.10133910367	0.0516206996679	0.755253008685	0.97074267853	2.66925917226
Q96T60	P18887	0.191439491079	0.669240636214	0.647169542866	0.909221837436	0.984504919533	1.74946637981
Q16629	P38919	0.191439491079	0.538573079205	0.297026619547	0.879614859467	0.983826707311	3.56627286097
Q9BUJ2	P52597	0.33564169504	0.429690623682	0.297026619547	0.770918114696	0.961477971895	1.16995664417
Q99471	O60925	0.801195862222	0.652767533863	0.527613892562	0.853190528023	0.792442305456	1.77771948201
P46783	P62249	1.0	0.593030279976	0.297026619547	0.978542950048	0.984753371304	0.0
Q13616	P41002	0.735014152343	0.686877523753	0.0516206996679	0.582431116979	0.661019433093	4.56490579156
O00623	P40855	0.813787805743	0.708610202036	0.0516206996679	0.803273093362	0.874135556034	0.0
Q9UKS6	Q13444	0.190621273174	0.245949145255	0.104635268323	0.79770112087	0.491611196753	2.83890810701
P18615	Q8WX92	0.9237875149	0.705404531698	0.0516206996679	0.900871923159	0.983395203207	0.0
Q13094	O15117	0.185386444388	0.505916938949	0.0516206996679	0.973279154197	0.991520093884	3.39786925028
P04271	P06703	0.87419767254	0.347004936347	1.0	0.617674537678	0.53301790272	5.20748905747
Q8WUA4	Q12789	0.81694468444	1.0	0.198933325764	0.86966022723	0.983892746142	2.94206096242
Q9UJY5	Q9UMZ2	0.649166295956	0.294395741387	0.0516206996679	0.811937399359	0.955762966231	0.0
P43243	P61978	0.191439491079	0.120825604238	0.297026619547	0.951696616721	0.979615464204	1.45968099446
Q8WV22	Q96MG7	0.801195862222	0.627136364776	0.0516206996679	0.828233326083	0.980529439522	0.0
P10276	Q15788	0.440069883926	0.905072219747	0.740093730544	0.728671365596	0.821972618521	4.38052889984
P24864	Q969H0	0.304128422095	0.433788688258	0.273642972904	0.542329303607	0.649872349119	1.7030796529
Q9UBD5	Q13416	1.0	0.435900627223	0.786229885714	0.893124372744	0.884708183478	2.27690041578
P07766	P06239	0.652516272037	0.551922022582	0.372876874192	0.968449246985	0.992586054822	3.74692745899
P25787	Q15008	0.571963433676	1.0	0.197542098494	0.936290269672	0.971753617968	0.0
Q9BXW9	P49959	0.322306247091	0.628624987512	0.0516206996679	0.84740792549	0.939927651841	0.0
P08238	O00170	0.191439491079	0.44388420542	0.527613892562	0.828184435047	0.788242171867	4.79402166103
Q9HCK5	Q8NDV7	0.801195862222	1.0	0.244817701945	0.847602186183	0.91874815838	4.78019508381
P14921	Q9UER7	0.191439491079	0.234135003592	0.24880721933	0.707353024941	0.981870139926	0.0
Q9UMN6	P61964	0.664547575235	0.717952631019	0.708740867096	0.770944925415	0.920854283656	4.32555846947
Q92835	P19235	0.0701411784845	0.158816028816	0.0516206996679	0.719929035809	0.38673285037	1.65049195631
P60842	Q53EL6	0.185386444388	0.136962529155	0.244817701945	0.637779665924	0.916847878176	4.46024614987
P26373	Q07020	0.956983803959	0.593030279976	0.477623020382	0.975436384594	0.98985981994	0.0
P63208	Q9UKC9	0.735014152343	0.686877523753	0.543726781028	0.65686762868	0.819530404333	4.19237566988
O75143	O75385	0.858369074593	0.575533251969	0.372876874192	0.799233298785	0.678624358927	3.01547386162
O43924	Q15382	0.24721271488	0.289655371784	0.24880721933	0.858841665901	0.860235590693	3.11754273056
Q9Y5X1	Q05193	0.190621273174	0.391809145016	0.839307851948	0.536866230011	0.610641131659	2.91566276472
P40425	P55347	0.422871886816	0.297904749157	0.308408618446	0.734458739051	0.940466112362	0.955482874246
Q8NC51	Q12873	0.100443781596	0.120825604238	0.297026619547	0.415719772439	0.968052548194	0.0
Q9BRG1	Q86VN1	0.395021248758	0.438932150673	0.0516206996679	0.608267755102	0.355894302537	0.17811457545
Q13114	P25942	0.755018749235	0.444373890985	1.0	0.796120097357	0.753426490438	4.26495673788
P55209	Q99733	0.100443781596	0.517505127367	0.297026619547	0.77828977159	0.974414913183	2.29418477718
Q92830	O15265	0.293049690842	0.686877523753	0.371730801067	0.573572392599	0.893105573353	0.0
Q9NR28	Q9NR09	0.0843300250393	0.440705432767	0.0516206996679	0.719721364934	0.68352735584	2.99667763525
Q9BUI4	Q9Y535	0.704704831584	0.920789009091	0.756791342556	0.743697222259	0.756198418448	0.0
Q13162	Q06830	0.289209631681	0.446216455327	1.0	0.890226298802	0.968004888438	3.99780690096
Q96RU3	P42768	0.22783656183	0.324199053749	0.839307851948	0.767253809833	0.983772200164	3.46395233083
Q14678	P27348	0.0701411784845	0.425363691314	0.0516206996679	0.551785142545	0.14190410082	0.0
Q16478	O43424	0.749289581732	0.724815226977	0.756791342556	0.874706059737	0.907692780719	4.92445919382
Q01094	Q14188	0.422871886816	0.473011507634	0.365324326482	0.648364498621	0.330906192407	3.94011619258
P24941	Q96PU4	0.322306247091	0.7487617838	0.212043948552	0.70190592088	0.404679325996	2.5773877002
O43156	Q9Y4R8	1.0	0.64134065365	0.0516206996679	0.838283144116	0.837974926551	2.47689903308
Q9UBT6	Q9UBZ9	0.191439491079	0.865012737382	0.65035114553	0.869739416035	0.527217263199	0.0
P50570	Q15811	0.759614562328	0.504244579929	0.104635268323	0.574458348377	0.949449806267	3.85505400198
Q9NRF9	O60264	0.679187098095	0.301076518997	0.113264575631	0.857963867691	0.963087525166	2.59626551565
Q7L9L4	Q9NRM7	0.185386444388	0.634340225206	0.145221161737	0.685158590872	0.277682265268	2.16849944975
Q13200	Q16186	0.615554188342	0.403264810709	0.273642972904	0.931122932779	0.824261191615	2.09546242944
Q8NEM7	Q16539	0.191439491079	0.414412098168	0.0516206996679	0.733558681424	0.819742608654	0.0
P43005	O75915	0.251759994337	0.682093041855	0.0516206996679	0.608977690369	0.202983938441	0.0
Q99653	P19634	0.469840543365	0.849731131539	0.584367478352	0.677593429564	0.568461097351	0.0
P15880	P62081	1.0	0.593030279976	0.477623020382	0.973497269447	0.981811059343	0.0
P08047	P14859	0.191439491079	0.44957309215	0.857257129852	0.760436987076	0.964488770433	3.88316603897
P62263	P61247	1.0	0.593030279976	0.477623020382	0.969198436652	0.988754367493	0.0
